1,2
2,2
3,1
4,2
5,2
6,2
7,2
8,2
9,1
10,2
11,3
12,3
13,2
14,3
15,2
16,2
17,1
18,2
19,2
20,3
21,2
22,2
23,2
24,2
25,2
26,2
27,3
28,3
29,2
30,3
31,2
32,3
33,2
34,3
35,1
36,3
37,2
38,3
39,2
40,2
41,2
42,2
43,2
44,2
45,2
46,3
47,2
48,3
49,2
50,2
51,2
52,3
53,1
54,2
55,3
56,3
57,2
58,3
59,2
60,1
61,2
62,2
63,2
64,3
65,2
66,3
67,2
68,2
69,2
70,3
71,3
72,2
73,2
74,2
75,2
76,1
77,2
78,2
79,2
80,2
81,2
82,2
83,3
84,2
85,2
86,2
87,2
88,3
89,2
90,2
91,1
92,2
93,2
94,2
95,3
96,2
97,2
98,3
99,2
100,1
101,3
102,2
103,2
104,2
105,3
106,2
107,2
108,2
109,2
110,2
111,2
112,2
113,2
114,2
115,2
116,2
117,2
118,3
119,2
120,2
121,2
122,2
123,2
124,2
125,2
126,3
127,2
128,3
129,2
130,2
131,3
132,2
133,3
134,2
135,2
136,3
137,2
138,2
139,3
140,1
141,1
142,2
143,2
144,2
145,3
146,2
147,2
148,2
149,3
150,2
151,2
152,2
153,2
154,2
155,3
156,3
157,3
158,2
159,2
160,2
161,1
162,2
163,2
164,2
165,2
166,2
167,2
168,2
169,1
170,2
171,3
172,1
173,3
174,2
175,2
176,2
177,3
178,2
179,2
180,2
181,2
182,3
183,2
184,1
185,2
186,2
187,2
188,2
189,2
190,2
191,2
192,3
193,2
194,2
195,2
196,1
197,2
198,2
199,3
200,3
201,3
202,2
203,1
204,2
205,2
206,3
207,2
208,2
209,2
210,1
211,2
212,2
213,2
214,3
215,2
216,2
217,1
218,1
219,2
220,2
221,2
222,2
223,3
224,2
225,2
226,2
227,3
228,2
229,2
230,2
231,2
232,2
233,2
234,2
235,2
236,3
237,3
238,2
239,2
240,2
241,2
242,2
243,3
244,3
245,2
246,2
247,2
248,2
249,2
250,1
251,2
252,2
253,2
254,2
255,2
256,2
257,1
258,1
259,2
260,2
261,2
262,2
263,1
264,2
265,2
266,2
267,2
268,3
269,2
270,1
271,2
272,1
273,2
274,1
275,2
276,2
277,2
278,2
279,2
280,2
281,2
282,1
283,2
284,2
285,2
286,2
287,2
288,3
289,3
290,2
291,2
292,2
293,2
294,2
295,3
296,2
297,2
298,2
299,2
300,2
301,2
302,2
303,2
304,2
305,2
306,2
307,2
308,1
309,2
310,2
311,3
312,1
313,2
314,1
315,2
316,2
317,2
318,3
319,2
320,2
321,3
322,2
323,2
324,2
325,2
326,2
327,2
328,3
329,3
330,2
331,2
332,2
333,2
334,2
335,2
336,3
337,2
338,3
339,2
340,3
341,2
342,3
343,2
344,2
345,3
346,2
347,2
348,2
349,2
350,2
351,2
352,2
353,2
354,2
355,2
356,3
357,2
358,1
359,2
360,2
361,2
362,3
363,2
364,2
365,2
366,2
367,3
368,1
369,2
370,2
371,2
372,2
373,2
374,2
375,3
376,3
377,2
378,3
379,2
380,3
381,2
382,2
383,3
384,2
385,2
386,2
387,2
388,2
389,3
390,3
391,3
392,3
393,3
394,2
395,3
396,2
397,3
398,1
399,2
400,2
401,3
402,2
403,2
404,2
405,2
406,2
407,3
408,2
409,2
410,3
411,2
412,3
413,2
414,2
415,2
416,2
417,3
418,2
419,2
420,2
421,1
422,3
423,1
424,3
425,3
426,2
427,3
428,2
429,2
430,1
431,2
432,3
433,2
434,2
435,3
436,1
437,3
438,2
439,1
440,2
441,2
442,2
443,2
444,2
445,3
446,2
447,2
448,2
449,2
450,2
451,2
452,2
453,1
454,2
455,2
456,2
457,3
458,2
459,2
460,3
461,1
462,2
463,2
464,2
465,2
466,2
467,2
468,2
469,3
470,2
471,2
472,2
473,3
474,2
475,2
476,2
477,2
478,2
479,2
480,3
481,2
482,2
483,3
484,2
485,2
486,3
487,3
488,2
489,2
490,2
491,2
492,2
493,3
494,2
495,2
496,2
497,2
498,2
499,3
500,3
501,3
502,2
503,2
504,2
505,2
506,3
507,2
508,2
509,2
510,2
511,2
512,2
513,2
514,3
515,3
516,2
517,2
518,3
519,2
520,2
521,2
522,3
523,2
524,3
525,2
526,2
527,2
528,2
529,3
530,2
531,2
532,3
533,2
534,2
535,2
536,2
537,3
538,2
539,2
540,2
541,3
542,3
543,2
544,2
545,2
546,2
547,2
548,3
549,3
550,2
551,2
552,2
553,2
554,2
555,2
556,2
557,2
558,1
559,2
560,2
561,2
562,3
563,2
564,2
565,2
566,2
567,2
568,3
569,2
570,2
571,2
572,2
573,2
574,3
575,2
576,2
577,2
578,3
579,3
580,1
581,2
582,2
583,3
584,3
585,2
586,2
587,2
588,2
589,3
590,2
591,2
592,2
593,2
594,3
595,2
596,2
597,2
598,2
599,2
600,2
601,2
602,3
603,2
604,2
605,3
606,2
607,2
608,2
609,2
610,2
611,3
612,2
613,1
614,2
615,2
616,2
617,2
618,2
619,2
620,2
621,3
622,2
623,2
624,2
625,2
626,1
627,3
628,2
629,2
630,3
631,2
632,2
633,3
634,3
635,3
636,2
637,2
638,2
639,2
640,3
641,1
642,2
643,2
644,2
645,2
646,3
647,2
648,2
649,2
650,2
651,1
652,2
653,2
654,3
655,3
656,2
657,2
658,1
659,3
660,2
661,2
662,2
663,3
664,2
665,2
666,3
667,2
668,3
669,3
670,2
671,2
672,2
673,3
674,1
675,3
676,2
677,2
678,2
679,1
680,2
681,3
682,2
683,2
684,2
685,2
686,2
687,2
688,2
689,3
690,2
691,3
692,2
693,2
694,2
695,3
696,3
697,2
698,2
699,3
700,2
701,2
702,2
703,2
704,2
705,1
706,2
707,2
708,2
709,2
710,2
711,2
712,2
713,2
714,2
715,2
716,2
717,2
718,2
719,2
720,2
721,3
722,3
723,2
724,2
725,2
726,1
727,3
728,2
729,2
730,2
731,1
732,2
733,2
734,2
735,2
736,2
737,3
738,2
739,2
740,2
741,2
742,2
743,3
744,2
745,2
746,1
747,1
748,2
749,2
750,3
751,3
752,2
753,3
754,1
755,2
756,3
757,3
758,2
759,3
760,3
761,2
762,3
763,2
764,2
765,1
766,2
767,1
768,3
769,2
770,2
771,2
772,3
773,2
774,3
775,2
776,2
777,2
778,2
779,2
780,2
781,3
782,2
783,3
784,2
785,2
786,2
787,2
788,2
789,3
790,2
791,2
792,2
793,3
794,3
795,3
796,2
797,2
798,3
799,2
800,3
801,3
802,2
803,2
804,1
805,3
806,2
807,2
808,3
809,2
810,2
811,2
812,2
813,3
814,2
815,2
816,2
817,3
818,2
819,1
820,3
821,2
822,3
823,2
824,2
825,3
826,2
827,2
828,3
829,2
830,2
831,2
832,2
833,1
834,2
835,3
836,2
837,2
838,2
839,2
840,2
841,1
842,2
843,2
844,2
845,3
846,2
847,2
848,3
849,2
850,3
851,2
852,2
853,2
854,3
855,1
856,2
857,2
858,2
859,1
860,2
861,3
862,2
863,2
864,2
865,2
866,3
867,2
868,2
869,3
870,2
871,2
872,2
873,2
874,2
875,3
876,2
877,3
878,2
879,3
880,3
881,2
882,2
883,3
884,1
885,2
886,2
887,2
888,3
889,1
890,2
891,2
892,2
893,2
894,2
895,3
896,2
897,3
898,2
899,2
900,2
901,2
902,1
903,2
904,3
905,2
906,2
907,2
908,2
909,3
910,2
911,2
912,2
913,2
914,3
915,2
916,3
917,2
918,2
919,2
920,1
921,2
922,3
923,2
924,2
925,3
926,2
927,2
928,2
929,2
930,2
931,3
932,3
933,2
934,1
935,2
936,3
937,2
938,2
939,3
940,3
941,3
942,2
943,2
944,2
945,3
946,2
947,2
948,1
949,2
950,3
951,2
952,2
953,2
954,3
955,2
956,3
957,2
958,2
959,2
960,3
961,2
962,2
963,2
964,2
965,2
966,3
967,2
968,2
969,3
970,2
971,3
972,2
973,2
974,2
975,2
976,2
977,2
978,2
979,3
980,2
981,2
982,2
983,3
984,2
985,3
986,2
987,2
988,2
989,1
990,3
991,3
992,2
993,2
994,2
995,2
996,3
997,2
998,2
999,2
1000,2
1001,2
1002,2
1003,2
1004,2
1005,3
1006,1
1007,2
1008,3
1009,2
1010,3
1011,2
1012,2
1013,2
1014,2
1015,2
1016,2
1017,2
1018,2
1019,2
1020,2
1021,3
1022,1
1023,2
1024,2
1025,3
1026,2
1027,3
1028,2
1029,2
1030,1
1031,2
1032,2
1033,2
1034,2
1035,3
1036,2
1037,2
1038,2
1039,2
1040,2
1041,2
1042,2
1043,1
1044,2
1045,1
1046,1
1047,2
1048,2
1049,2
1050,3
1051,1
1052,2
1053,3
1054,2
1055,2
1056,2
1057,2
1058,2
1059,1
1060,2
1061,3
1062,3
1063,2
1064,2
1065,1
1066,2
1067,2
1068,2
1069,3
1070,1
1071,3
1072,2
1073,3
1074,2
1075,2
1076,2
1077,3
1078,2
1079,1
1080,2
1081,2
1082,2
1083,2
1084,2
1085,3
1086,2
1087,2
1088,2
1089,2
1090,3
1091,2
1092,3
1093,1
1094,2
1095,3
1096,1
1097,3
1098,2
1099,3
1100,1
1101,2
1102,2
1103,2
1104,2
1105,2
1106,3
1107,3
1108,2
1109,3
1110,2
1111,2
1112,3
1113,2
1114,2
1115,2
1116,3
1117,2
1118,3
1119,2
1120,2
1121,3
1122,3
1123,2
1124,2
1125,2
1126,2
1127,2
1128,3
1129,1
1130,2
1131,2
1132,3
1133,2
1134,1
1135,3
1136,1
1137,3
1138,2
1139,2
1140,3
1141,2
1142,3
1143,3
1144,2
1145,3
1146,2
1147,3
1148,2
1149,2
1150,2
1151,3
1152,3
1153,3
1154,2
1155,2
1156,3
1157,2
1158,2
1159,3
1160,2
1161,3
1162,2
1163,2
1164,2
1165,2
1166,2
1167,2
1168,2
1169,2
1170,2
1171,2
1172,2
1173,2
1174,3
1175,2
1176,3
1177,2
1178,2
1179,2
1180,2
1181,3
1182,3
1183,3
1184,2
1185,2
1186,2
1187,2
1188,3
1189,2
1190,3
1191,3
1192,3
1193,3
1194,2
1195,2
1196,2
1197,2
1198,2
1199,2
1200,2
1201,2
1202,1
1203,3
1204,1
1205,3
1206,3
1207,2
1208,2
1209,2
1210,3
1211,2
1212,3
1213,1
1214,2
1215,2
1216,2
1217,2
1218,3
1219,2
1220,2
1221,2
1222,3
1223,2
1224,2
1225,3
1226,2
1227,3
1228,3
1229,2
1230,3
1231,1
1232,2
1233,2
1234,2
1235,2
1236,3
1237,3
1238,2
1239,3
1240,2
1241,2
1242,2
1243,3
1244,2
1245,2
1246,2
1247,3
1248,2
1249,2
1250,2
1251,3
1252,1
1253,1
1254,3
1255,2
1256,1
1257,3
1258,2
1259,3
1260,2
1261,1
1262,3
1263,2
1264,3
1265,2
1266,3
1267,3
1268,2
1269,3
1270,2
1271,3
1272,3
1273,3
1274,2
1275,3
1276,1
1277,2
1278,2
1279,1
1280,2
1281,2
1282,2
1283,2
1284,1
1285,2
1286,2
1287,3
1288,2
1289,2
1290,2
1291,2
1292,2
1293,2
1294,2
1295,1
1296,2
1297,2
1298,3
1299,3
1300,3
1301,2
1302,3
1303,3
1304,2
1305,2
1306,1
1307,2
1308,2
1309,2
1310,2
1311,2
1312,2
1313,3
1314,2
1315,2
1316,2
1317,2
1318,2
1319,1
1320,2
1321,2
1322,2
1323,2
1324,2
1325,1
1326,2
1327,2
1328,2
1329,2
1330,2
1331,3
1332,3
1333,2
1334,2
1335,2
1336,3
1337,2
1338,2
1339,2
1340,3
1341,2
1342,2
1343,2
1344,3
1345,3
1346,2
1347,3
1348,3
1349,1
1350,2
1351,2
1352,2
1353,2
1354,2
1355,2
1356,1
1357,2
1358,2
1359,3
1360,2
1361,3
1362,2
1363,2
1364,2
1365,2
1366,3
1367,2
1368,3
1369,1
1370,2
1371,2
1372,2
1373,2
1374,2
1375,3
1376,2
1377,2
1378,2
1379,3
1380,2
1381,3
1382,2
1383,3
1384,3
1385,1
1386,2
1387,2
1388,2
1389,2
1390,2
1391,2
1392,3
1393,3
1394,1
1395,3
1396,3
1397,2
1398,2
1399,2
1400,2
1401,3
1402,2
1403,2
1404,2
1405,2
1406,3
1407,3
1408,3
1409,2
1410,2
1411,3
1412,2
1413,2
1414,2
1415,2
1416,2
1417,2
1418,2
1419,2
1420,2
1421,3
1422,3
1423,3
1424,2
1425,3
1426,2
1427,3
1428,2
1429,2
1430,3
1431,2
1432,3
1433,2
1434,2
1435,2
1436,2
1437,2
1438,2
1439,1
1440,1
1441,2
1442,2
1443,3
1444,2
1445,2
1446,3
1447,2
1448,2
1449,2
1450,2
1451,2
1452,3
1453,2
1454,2
1455,2
1456,2
1457,3
1458,2
1459,2
1460,2
1461,2
1462,2
1463,2
1464,1
1465,2
1466,2
1467,3
1468,2
1469,3
1470,2
1471,2
1472,2
1473,2
1474,2
1475,2
1476,2
1477,3
1478,2
1479,2
1480,2
1481,2
1482,1
1483,2
1484,1
1485,1
1486,2
1487,2
1488,2
1489,2
1490,2
1491,3
1492,3
1493,1
1494,2
1495,2
1496,3
1497,3
1498,3
1499,3
1500,2
1501,2
1502,3
1503,2
1504,2
1505,2
1506,2
1507,2
1508,2
1509,2
1510,3
1511,3
1512,2
1513,3
1514,2
1515,2
1516,2
1517,2
1518,3
1519,2
1520,2
1521,2
1522,2
1523,2
1524,3
1525,2
1526,3
1527,2
1528,2
1529,2
1530,3
1531,3
1532,2
1533,2
1534,1
1535,2
1536,2
1537,2
1538,3
1539,2
1540,3
1541,2
1542,2
1543,2
1544,2
1545,2
1546,2
1547,2
1548,3
1549,2
1550,2
1551,2
1552,1
1553,2
1554,2
1555,2
1556,3
1557,2
1558,3
1559,2
1560,2
1561,3
1562,1
1563,2
1564,1
1565,3
1566,3
1567,3
1568,2
1569,3
1570,3
1571,2
1572,2
1573,2
1574,2
1575,2
1576,2
1577,2
1578,2
1579,2
1580,2
1581,1
1582,2
1583,2
1584,2
1585,2
1586,2
1587,2
1588,2
1589,2
1590,3
1591,2
1592,2
1593,2
1594,1
1595,3
1596,3
1597,2
1598,2
1599,2
1600,2
1601,2
1602,2
1603,2
1604,2
1605,3
1606,3
1607,2
1608,2
1609,3
1610,2
1611,3
1612,3
1613,1
1614,2
1615,3
1616,2
1617,3
1618,2
1619,2
1620,2
1621,2
1622,2
1623,2
1624,2
1625,3
1626,3
1627,2
1628,2
1629,2
1630,2
1631,3
1632,2
1633,3
1634,2
1635,3
1636,2
1637,2
1638,2
1639,2
1640,2
1641,3
1642,3
1643,2
1644,2
1645,2
1646,2
1647,3
1648,2
1649,2
1650,2
1651,2
1652,2
1653,3
1654,2
1655,2
1656,3
1657,2
1658,2
1659,2
1660,2
1661,2
1662,2
1663,2
1664,2
1665,2
1666,2
1667,2
1668,2
1669,1
1670,2
1671,2
1672,2
1673,2
1674,2
1675,3
1676,2
1677,2
1678,2
1679,3
1680,1
1681,2
1682,2
1683,3
1684,3
1685,1
1686,3
1687,3
1688,3
1689,3
1690,2
1691,2
1692,2
1693,2
1694,2
1695,3
1696,2
1697,2
1698,2
1699,3
1700,2
1701,2
1702,2
1703,2
1704,1
1705,1
1706,3
1707,2
1708,3
1709,1
1710,2
1711,3
1712,1
1713,3
1714,2
1715,3
1716,2
1717,2
1718,3
1719,2
1720,2
1721,2
1722,1
1723,1
1724,2
1725,1
1726,3
1727,2
1728,2
1729,3
1730,2
1731,3
1732,3
1733,3
1734,3
1735,3
1736,3
1737,2
1738,2
1739,3
1740,2
1741,2
1742,2
1743,1
1744,2
1745,3
1746,3
1747,2
1748,3
1749,1
1750,2
1751,2
1752,2
1753,2
1754,3
1755,3
1756,2
1757,2
1758,3
1759,2
1760,2
1761,3
1762,1
1763,1
1764,2
1765,2
1766,2
1767,2
1768,2
1769,2
1770,2
1771,2
1772,3
1773,2
1774,3
1775,2
1776,2
1777,2
1778,2
1779,3
1780,2
1781,2
1782,2
1783,3
1784,2
1785,2
1786,3
1787,2
1788,2
1789,3
1790,2
1791,2
1792,2
1793,2
1794,3
1795,2
1796,2
1797,2
1798,2
1799,3
1800,3
1801,2
1802,2
1803,2
1804,1
1805,2
1806,2
1807,2
1808,2
1809,2
1810,2
1811,2
1812,2
1813,2
1814,3
1815,2
1816,3
1817,2
1818,2
1819,2
1820,2
1821,2
1822,2
1823,2
1824,2
1825,2
1826,2
1827,3
1828,3
1829,2
1830,2
1831,2
1832,2
1833,2
1834,2
1835,3
1836,3
1837,1
1838,2
1839,3
1840,2
1841,2
1842,2
1843,2
1844,3
1845,3
1846,2
1847,3
1848,2
1849,1
1850,3
1851,3
1852,2
1853,3
1854,2
1855,2
1856,2
1857,3
1858,2
1859,2
1860,2
1861,1
1862,2
1863,1
1864,2
1865,2
1866,2
1867,2
1868,2
1869,2
1870,2
1871,2
1872,3
1873,2
1874,2
1875,2
1876,3
1877,2
1878,2
1879,2
1880,2
1881,2
1882,2
1883,2
1884,2
1885,2
1886,2
1887,2
1888,2
1889,2
1890,2
1891,2
1892,2
1893,2
1894,2
1895,2
1896,2
1897,2
1898,2
1899,3
1900,2
1901,2
1902,2
1903,2
1904,2
1905,2
1906,2
1907,3
1908,2
1909,3
1910,3
1911,3
1912,2
1913,2
1914,2
1915,2
1916,1
1917,2
1918,2
1919,2
1920,2
1921,3
1922,2
1923,2
1924,2
1925,2
1926,3
1927,2
1928,3
1929,2
1930,3
1931,1
1932,2
1933,2
1934,2
1935,2
1936,2
1937,2
1938,2
1939,2
1940,3
1941,2
1942,2
1943,2
1944,2
1945,2
1946,2
1947,3
1948,2
1949,2
1950,3
1951,3
1952,2
1953,3
1954,3
1955,2
1956,1
1957,1
1958,2
1959,2
1960,2
1961,3
1962,2
1963,2
1964,2
1965,3
1966,2
1967,2
1968,2
1969,3
1970,2
1971,2
1972,2
1973,2
1974,2
1975,1
1976,2
1977,2
1978,2
1979,3
1980,2
1981,2
1982,3
1983,3
1984,2
1985,2
1986,3
1987,2
1988,2
1989,2
1990,2
1991,2
1992,3
1993,2
1994,2
1995,2
1996,3
1997,2
1998,3
1999,3
2000,2
2001,3
2002,2
2003,2
2004,2
2005,2
2006,2
2007,2
2008,2
2009,1
2010,2
2011,2
2012,2
2013,2
2014,2
2015,1
2016,2
2017,3
2018,3
2019,2
2020,2
2021,2
2022,2
2023,2
2024,2
2025,3
2026,2
2027,3
2028,3
2029,2
2030,1
2031,2
2032,2
2033,2
2034,2
2035,3
2036,2
2037,2
2038,2
2039,2
2040,2
2041,2
2042,2
2043,2
2044,2
2045,2
2046,2
2047,2
2048,3
2049,2
2050,2
2051,2
2052,2
2053,2
2054,2
2055,2
2056,2
2057,2
2058,2
2059,2
2060,2
2061,3
2062,2
2063,2
2064,2
2065,2
2066,1
2067,1
2068,3
2069,2
2070,2
2071,3
2072,2
2073,2
2074,2
2075,3
2076,3
2077,2
2078,2
2079,2
2080,2
2081,2
2082,2
2083,3
2084,2
2085,2
2086,2
2087,3
2088,2
2089,3
2090,2
2091,2
2092,3
2093,2
2094,2
2095,2
2096,1
2097,2
2098,2
2099,2
2100,2
2101,2
2102,2
2103,2
2104,2
2105,2
2106,1
2107,3
2108,2
2109,3
2110,3
2111,2
2112,2
2113,2
2114,2
2115,2
2116,2
2117,2
2118,2
2119,3
2120,2
2121,2
2122,2
2123,2
2124,2
2125,2
2126,2
2127,3
2128,2
2129,2
2130,2
2131,2
2132,2
2133,2
2134,2
2135,3
2136,2
2137,3
2138,1
2139,3
2140,3
2141,2
2142,3
2143,2
2144,2
2145,3
2146,2
2147,1
2148,2
2149,2
2150,3
2151,3
2152,2
2153,2
2154,2
2155,3
2156,2
2157,2
2158,1
2159,2
2160,3
2161,2
2162,2
2163,2
2164,2
2165,3
2166,3
2167,2
2168,2
2169,2
2170,2
2171,3
2172,2
2173,2
2174,2
2175,2
2176,2
2177,3
2178,3
2179,2
2180,2
2181,2
2182,2
2183,3
2184,2
2185,3
2186,2
2187,2
2188,2
2189,2
2190,2
2191,2
2192,2
2193,2
2194,2
2195,1
2196,2
2197,2
2198,2
2199,2
2200,2
2201,3
2202,2
2203,2
2204,2
2205,2
2206,3
2207,2
2208,2
2209,2
2210,3
2211,3
2212,2
2213,2
2214,2
2215,2
2216,1
2217,2
2218,2
2219,2
2220,2
2221,2
2222,2
2223,2
2224,2
2225,2
2226,2
2227,2
2228,2
2229,2
2230,2
2231,2
2232,1
2233,3
2234,2
2235,2
2236,2
2237,1
2238,2
2239,2
2240,2
2241,3
2242,2
2243,3
2244,2
2245,2
2246,2
2247,2
2248,3
2249,1
2250,2
2251,2
2252,2
2253,2
2254,2
2255,2
2256,2
2257,3
2258,2
2259,2
2260,2
2261,2
2262,2
2263,3
2264,2
2265,2
2266,2
2267,3
2268,2
2269,3
2270,1
2271,2
2272,3
2273,2
2274,1
2275,2
2276,2
2277,2
2278,2
2279,2
2280,3
2281,2
2282,2
2283,2
2284,2
2285,1
2286,2
2287,2
2288,2
2289,2
2290,2
2291,2
2292,2
2293,2
2294,2
2295,2
2296,1
2297,2
2298,3
2299,2
2300,2
2301,2
2302,3
2303,3
2304,3
2305,2
2306,2
2307,2
2308,2
2309,1
2310,2
2311,2
2312,2
2313,3
2314,2
2315,2
2316,3
2317,3
2318,3
2319,2
2320,3
2321,2
2322,2
2323,2
2324,2
2325,3
2326,2
2327,1
2328,2
2329,2
2330,3
2331,2
2332,3
2333,2
2334,2
2335,2
2336,2
2337,1
2338,2
2339,2
2340,2
2341,1
2342,3
2343,2
2344,2
2345,2
2346,3
2347,2
2348,2
2349,1
2350,2
2351,2
2352,2
2353,2
2354,3
2355,2
2356,2
2357,2
2358,2
2359,3
2360,2
2361,2
2362,2
2363,2
2364,2
2365,2
2366,2
2367,2
2368,3
2369,2
2370,3
2371,2
2372,2
2373,2
2374,3
2375,3
2376,2
2377,2
2378,3
2379,3
2380,1
2381,2
2382,3
2383,2
2384,2
2385,2
2386,1
2387,2
2388,3
2389,1
2390,2
2391,2
2392,2
2393,2
2394,2
2395,2
2396,2
2397,2
2398,2
2399,2
2400,2
2401,2
2402,2
2403,2
2404,3
2405,2
2406,2
2407,3
2408,3
2409,3
2410,2
2411,2
2412,2
2413,2
2414,2
2415,2
2416,3
2417,2
2418,2
2419,3
2420,2
2421,3
2422,2
2423,2
2424,2
2425,3
2426,3
2427,2
2428,3
2429,2
2430,2
2431,2
2432,2
2433,2
2434,2
2435,3
2436,1
2437,3
2438,2
2439,2
2440,3
2441,2
2442,1
2443,2
2444,3
2445,1
2446,2
2447,2
2448,2
2449,3
2450,2
2451,2
2452,3
2453,1
2454,2
2455,2
2456,3
2457,2
2458,2
2459,2
2460,2
2461,1
2462,2
2463,2
2464,2
2465,2
2466,2
2467,2
2468,2
2469,2
2470,3
2471,2
2472,2
2473,2
2474,3
2475,2
2476,3
2477,2
2478,2
2479,2
2480,2
2481,2
2482,2
2483,2
2484,2
2485,2
2486,2
2487,2
2488,2
2489,2
2490,2
2491,2
2492,2
2493,3
2494,2
2495,2
2496,3
2497,2
2498,2
2499,2
2500,2
2501,2
2502,2
2503,2
2504,2
2505,2
2506,2
2507,2
2508,2
2509,2
2510,2
2511,2
2512,2
2513,2
2514,2
2515,3
2516,3
2517,3
2518,2
2519,2
2520,2
2521,2
2522,1
2523,3
2524,3
2525,2
2526,3
2527,3
2528,2
2529,2
2530,2
2531,2
2532,2
2533,2
2534,2
2535,3
2536,2
2537,3
2538,2
2539,3
2540,3
2541,2
2542,3
2543,3
2544,1
2545,2
2546,3
2547,3
2548,3
2549,2
2550,3
2551,2
2552,2
2553,2
2554,1
2555,2
2556,1
2557,2
2558,2
2559,2
2560,2
2561,2
2562,2
2563,2
2564,3
2565,3
2566,2
2567,2
2568,2
2569,3
2570,2
2571,3
2572,3
2573,2
2574,2
2575,3
2576,3
2577,2
2578,2
2579,2
2580,2
2581,2
2582,3
2583,2
2584,2
2585,2
2586,3
2587,1
2588,2
2589,3
2590,2
2591,1
2592,3
2593,1
2594,2
2595,2
2596,1
2597,2
2598,3
2599,2
2600,3
2601,2
2602,2
2603,2
2604,2
2605,2
2606,2
2607,2
2608,3
2609,3
2610,3
2611,3
2612,2
2613,2
2614,3
2615,1
2616,2
2617,2
2618,3
2619,2
2620,2
2621,2
2622,3
2623,3
2624,1
2625,3
2626,2
2627,2
2628,2
2629,2
2630,2
2631,2
2632,2
2633,2
2634,2
2635,2
2636,2
2637,2
2638,3
2639,2
2640,2
2641,2
2642,2
2643,2
2644,2
2645,2
2646,2
2647,2
2648,2
2649,2
2650,2
2651,3
2652,2
2653,2
2654,2
2655,3
2656,3
2657,3
2658,3
2659,2
2660,3
2661,2
2662,1
2663,3
2664,3
2665,2
2666,2
2667,3
2668,2
2669,2
2670,2
2671,3
2672,2
2673,2
2674,2
2675,3
2676,3
2677,2
2678,2
2679,2
2680,2
2681,3
2682,2
2683,3
2684,2
2685,2
2686,2
2687,2
2688,2
2689,2
2690,2
2691,2
2692,2
2693,1
2694,2
2695,2
2696,2
2697,2
2698,2
2699,2
2700,2
2701,3
2702,2
2703,2
2704,2
2705,2
2706,2
2707,3
2708,2
2709,2
2710,2
2711,2
2712,2
2713,2
2714,2
2715,2
2716,2
2717,2
2718,2
2719,2
2720,2
2721,1
2722,2
2723,2
2724,2
2725,2
2726,2
2727,2
2728,2
2729,1
2730,2
2731,3
2732,2
2733,3
2734,3
2735,2
2736,2
2737,2
2738,2
2739,2
2740,2
2741,3
2742,3
2743,3
2744,2
2745,2
2746,2
2747,2
2748,2
2749,3
2750,2
2751,2
2752,2
2753,1
2754,3
2755,2
2756,3
2757,2
2758,2
2759,2
2760,3
2761,2
2762,2
2763,2
2764,2
2765,2
2766,1
2767,2
2768,3
2769,2
2770,2
2771,3
2772,3
2773,2
2774,2
2775,2
2776,3
2777,3
2778,3
2779,2
2780,3
2781,2
2782,2
2783,2
2784,2
2785,2
2786,2
2787,2
2788,2
2789,2
2790,3
2791,2
2792,2
2793,2
2794,1
2795,2
2796,3
2797,2
2798,3
2799,1
2800,2
2801,2
2802,2
2803,1
2804,2
2805,1
2806,3
2807,2
2808,2
2809,2
2810,3
2811,2
2812,1
2813,2
2814,3
2815,3
2816,2
2817,2
2818,2
2819,2
2820,2
2821,2
2822,2
2823,3
2824,2
2825,2
2826,2
2827,2
2828,2
2829,2
2830,2
2831,2
2832,2
2833,3
2834,2
2835,2
2836,2
2837,2
2838,2
2839,2
2840,2
2841,2
2842,3
2843,2
2844,2
2845,2
2846,2
2847,2
2848,2
2849,3
2850,1
2851,1
2852,2
2853,2
2854,2
2855,3
2856,2
2857,2
2858,2
2859,3
2860,1
2861,1
2862,3
2863,2
2864,2
2865,2
2866,2
2867,3
2868,2
2869,2
2870,2
2871,2
2872,2
2873,2
2874,2
2875,2
2876,2
2877,2
2878,2
2879,3
2880,3
2881,2
2882,2
2883,2
2884,1
2885,2
2886,2
2887,1
2888,2
2889,2
2890,2
2891,2
2892,2
2893,3
2894,3
2895,1
2896,2
2897,2
2898,1
2899,3
2900,2
2901,2
2902,3
2903,2
2904,2
2905,2
2906,3
2907,3
2908,2
2909,2
2910,2
2911,2
2912,2
2913,2
2914,1
2915,3
2916,1
2917,1
2918,2
2919,2
2920,2
2921,2
2922,2
2923,2
2924,2
2925,1
2926,3
2927,3
2928,3
2929,2
2930,1
2931,2
2932,2
2933,2
2934,3
2935,2
2936,3
2937,3
2938,2
2939,2
2940,2
2941,3
2942,2
2943,2
2944,3
2945,3
2946,2
2947,2
2948,3
2949,3
2950,2
2951,3
2952,2
2953,1
2954,3
2955,3
2956,1
2957,2
2958,2
2959,2
2960,2
2961,2
2962,2
2963,2
2964,2
2965,2
2966,2
2967,3
2968,2
2969,2
2970,2
2971,2
2972,3
2973,2
2974,2
2975,3
2976,2
2977,2
2978,2
2979,2
2980,3
2981,2
2982,2
2983,2
2984,3
2985,2
2986,2
2987,1
2988,3
2989,1
2990,2
2991,3
2992,2
2993,2
2994,2
2995,3
2996,2
2997,3
2998,2
2999,3
3000,2
3001,2
3002,2
3003,2
3004,3
3005,2
3006,2
3007,3
3008,2
3009,2
3010,2
3011,2
3012,2
3013,2
3014,3
3015,2
3016,3
3017,2
3018,2
3019,2
3020,2
3021,3
3022,2
3023,2
3024,3
3025,2
3026,2
3027,2
3028,2
3029,3
3030,3
3031,2
3032,1
3033,2
3034,2
3035,2
3036,2
3037,2
3038,2
3039,1
3040,3
3041,2
3042,2
3043,2
3044,2
3045,2
3046,3
3047,2
3048,3
3049,2
3050,2
3051,2
3052,2
3053,2
3054,2
3055,3
3056,2
3057,3
3058,3
3059,2
3060,1
3061,2
3062,2
3063,2
3064,3
3065,2
3066,2
3067,2
3068,3
3069,2
3070,1
3071,3
3072,2
3073,3
3074,2
3075,2
3076,2
3077,2
3078,2
3079,2
3080,3
3081,3
3082,3
3083,2
3084,2
3085,2
3086,3
3087,2
3088,2
3089,2
3090,2
3091,2
3092,3
3093,2
3094,2
3095,3
3096,2
3097,3
3098,2
3099,2
3100,3
3101,2
3102,3
3103,2
3104,2
3105,2
3106,3
3107,2
3108,2
3109,2
3110,3
3111,2
3112,3
3113,2
3114,2
3115,2
3116,2
3117,3
3118,2
3119,3
3120,2
3121,2
3122,2
3123,3
3124,3
3125,3
3126,1
3127,2
3128,1
3129,2
3130,2
3131,3
3132,2
3133,1
3134,3
3135,2
3136,1
3137,2
3138,2
3139,2
3140,2
3141,2
3142,2
3143,2
3144,3
3145,2
3146,3
3147,3
3148,2
3149,2
3150,2
3151,2
3152,2
3153,2
3154,1
3155,2
3156,2
3157,2
3158,2
3159,2
3160,2
3161,2
3162,2
3163,3
3164,2
3165,2
3166,2
3167,3
3168,2
3169,3
3170,2
3171,3
3172,2
3173,2
3174,3
3175,2
3176,3
3177,2
3178,2
3179,2
3180,2
3181,2
3182,2
3183,2
3184,1
3185,2
3186,2
3187,2
3188,2
3189,3
3190,2
3191,2
3192,2
3193,2
3194,2
3195,2
3196,1
3197,3
3198,2
3199,2
3200,2
3201,3
3202,3
3203,2
3204,3
3205,2
3206,2
3207,3
3208,3
3209,2
3210,2
3211,2
3212,2
3213,2
3214,2
3215,2
3216,2
3217,1
3218,2
3219,2
3220,2
3221,2
3222,3
3223,2
3224,2
3225,3
3226,2
3227,3
3228,2
3229,2
3230,2
3231,2
3232,2
3233,2
3234,3
3235,2
3236,2
3237,2
3238,3
3239,2
3240,2
3241,3
3242,1
3243,2
3244,3
3245,3
3246,3
3247,2
3248,2
3249,2
3250,3
3251,3
3252,1
3253,2
3254,2
3255,3
3256,1
3257,2
3258,2
3259,2
3260,2
3261,2
3262,2
3263,3
3264,3
3265,2
3266,2
3267,3
3268,2
3269,2
3270,3
3271,2
3272,2
3273,2
3274,2
3275,2
3276,1
3277,3
3278,2
3279,2
3280,2
3281,2
3282,3
3283,3
3284,2
3285,3
3286,2
3287,2
3288,2
3289,2
3290,1
3291,2
3292,2
3293,3
3294,2
3295,2
3296,3
3297,2
3298,2
3299,1
3300,3
3301,2
3302,2
3303,2
3304,2
3305,2
3306,2
3307,2
3308,2
3309,2
3310,2
3311,3
3312,2
3313,2
3314,2
3315,2
3316,2
3317,3
3318,2
3319,2
3320,3
3321,2
3322,2
3323,2
3324,2
3325,3
3326,3
3327,2
3328,2
3329,1
3330,2
3331,2
3332,2
3333,3
3334,2
3335,2
3336,2
3337,3
3338,2
3339,2
3340,1
3341,3
3342,2
3343,2
3344,2
3345,2
3346,2
3347,2
3348,2
3349,3
3350,2
3351,2
3352,3
3353,2
3354,2
3355,2
3356,2
3357,2
3358,2
3359,2
3360,3
3361,2
3362,3
3363,2
3364,2
3365,3
3366,2
3367,2
3368,2
3369,2
3370,2
3371,2
3372,2
3373,2
3374,2
3375,2
3376,3
3377,2
3378,2
3379,2
3380,2
3381,3
3382,2
3383,2
3384,2
3385,2
3386,2
3387,2
3388,3
3389,3
3390,2
3391,2
3392,1
3393,3
3394,2
3395,2
3396,2
3397,2
3398,2
3399,2
3400,3
3401,1
3402,2
3403,3
3404,3
3405,2
3406,2
3407,1
3408,3
3409,2
3410,2
3411,2
3412,2
3413,2
3414,2
3415,2
3416,2
3417,3
3418,3
3419,2
3420,2
3421,2
3422,3
3423,2
3424,2
3425,3
3426,1
3427,2
3428,3
3429,2
3430,3
3431,2
3432,2
3433,2
3434,2
3435,3
3436,3
3437,3
3438,2
3439,3
3440,2
3441,1
3442,2
3443,2
3444,2
3445,2
3446,2
3447,2
3448,2
3449,3
3450,2
3451,1
3452,3
3453,3
3454,2
3455,2
3456,2
3457,2
3458,2
3459,2
3460,2
3461,2
3462,2
3463,3
3464,2
3465,3
3466,2
3467,2
3468,2
3469,2
3470,2
3471,3
3472,3
3473,1
3474,2
3475,2
3476,3
3477,2
3478,2
3479,2
3480,3
3481,2
3482,3
3483,3
3484,2
3485,2
3486,2
3487,3
3488,2
3489,2
3490,2
3491,2
3492,2
3493,1
3494,3
3495,2
3496,2
3497,2
3498,2
3499,2
3500,2
3501,3
3502,2
3503,1
3504,3
3505,2
3506,2
3507,2
3508,2
3509,2
3510,2
3511,3
3512,3
3513,2
3514,1
3515,3
3516,2
3517,2
3518,3
3519,2
3520,2
3521,2
3522,2
3523,2
3524,2
3525,1
3526,2
3527,2
3528,2
3529,3
3530,1
3531,2
3532,2
3533,2
3534,2
3535,2
3536,2
3537,2
3538,2
3539,2
3540,2
3541,1
3542,2
3543,2
3544,1
3545,2
3546,2
3547,2
3548,3
3549,2
3550,2
3551,2
3552,1
3553,2
3554,2
3555,2
3556,2
3557,2
3558,2
3559,1
3560,3
3561,2
3562,2
3563,2
3564,2
3565,2
3566,2
3567,2
3568,3
3569,2
3570,2
3571,2
3572,2
3573,1
3574,2
3575,2
3576,2
3577,3
3578,2
3579,2
3580,2
3581,2
3582,2
3583,2
3584,2
3585,2
3586,2
3587,2
3588,2
3589,2
3590,2
3591,3
3592,2
3593,3
3594,3
3595,2
3596,2
3597,2
3598,2
3599,2
3600,2
3601,2
3602,2
3603,3
3604,2
3605,2
3606,3
3607,3
3608,2
3609,2
3610,2
3611,3
3612,1
3613,2
3614,2
3615,1
3616,2
3617,2
3618,2
3619,2
3620,2
3621,2
3622,2
3623,3
3624,3
3625,3
3626,3
3627,3
3628,3
3629,3
3630,3
3631,2
3632,3
3633,2
3634,3
3635,2
3636,1
3637,2
3638,2
3639,2
3640,3
3641,2
3642,2
3643,3
3644,3
3645,3
3646,2
3647,2
3648,2
3649,2
3650,2
3651,2
3652,3
3653,2
3654,2
3655,2
3656,3
3657,2
3658,2
3659,2
3660,2
3661,2
3662,2
3663,3
3664,2
3665,2
3666,2
3667,2
3668,2
3669,2
3670,3
3671,2
3672,2
3673,2
3674,2
3675,2
3676,2
3677,2
3678,3
3679,2
3680,2
3681,2
3682,3
3683,2
3684,3
3685,1
3686,3
3687,2
3688,2
3689,2
3690,3
3691,3
3692,2
3693,2
3694,3
3695,2
3696,3
3697,2
3698,3
3699,2
3700,2
3701,2
3702,2
3703,2
3704,2
3705,2
3706,3
3707,1
3708,1
3709,1
3710,2
3711,2
3712,3
3713,1
3714,2
3715,2
3716,2
3717,2
3718,2
3719,2
3720,2
3721,3
3722,3
3723,2
3724,2
3725,3
3726,2
3727,2
3728,1
3729,2
3730,2
3731,2
3732,3
3733,2
3734,2
3735,2
3736,2
3737,3
3738,2
3739,2
3740,2
3741,2
3742,2
3743,2
3744,1
3745,1
3746,3
3747,2
3748,2
3749,3
3750,2
3751,2
3752,3
3753,2
3754,2
3755,2
3756,3
3757,3
3758,2
3759,2
3760,1
3761,1
3762,2
3763,2
3764,2
3765,2
3766,2
3767,2
3768,2
3769,3
3770,2
3771,3
3772,2
3773,2
3774,2
3775,3
3776,2
3777,2
3778,2
3779,2
3780,2
3781,3
3782,2
3783,3
3784,3
3785,2
3786,2
3787,3
3788,2
3789,2
3790,2
3791,2
3792,2
3793,2
3794,2
3795,2
3796,1
3797,2
3798,2
3799,2
3800,2
3801,2
3802,2
3803,3
3804,2
3805,2
3806,2
3807,2
3808,2
3809,2
3810,2
3811,3
3812,2
3813,2
3814,3
3815,2
3816,1
3817,2
3818,3
3819,3
3820,2
3821,3
3822,2
3823,2
3824,3
3825,2
3826,2
3827,3
3828,2
3829,2
3830,2
3831,2
3832,2
3833,2
3834,2
3835,3
3836,2
3837,3
3838,3
3839,1
3840,2
3841,1
3842,2
3843,2
3844,2
3845,2
3846,2
3847,3
3848,2
3849,2
3850,3
3851,3
3852,2
3853,2
3854,1
3855,2
3856,3
3857,1
3858,1
3859,2
3860,2
3861,2
3862,2
3863,2
3864,2
3865,3
3866,2
3867,2
3868,3
3869,1
3870,2
3871,2
3872,2
3873,2
3874,2
3875,2
3876,2
3877,3
3878,3
3879,2
3880,2
3881,2
3882,2
3883,2
3884,2
3885,2
3886,2
3887,2
3888,3
3889,2
3890,1
3891,3
3892,3
3893,3
3894,2
3895,2
3896,2
3897,2
3898,3
3899,2
3900,2
3901,3
3902,2
3903,2
3904,2
3905,2
3906,2
3907,2
3908,2
3909,2
3910,3
3911,2
3912,2
3913,2
3914,3
3915,2
3916,2
3917,2
3918,2
3919,2
3920,3
3921,2
3922,2
3923,3
3924,2
3925,3
3926,3
3927,2
3928,2
3929,2
3930,3
3931,3
3932,3
3933,2
3934,2
3935,2
3936,2
3937,1
3938,2
3939,2
3940,3
3941,1
3942,2
3943,3
3944,2
3945,2
3946,3
3947,2
3948,2
3949,2
3950,2
3951,2
3952,2
3953,2
3954,2
3955,2
3956,2
3957,1
3958,2
3959,3
3960,2
3961,2
3962,2
3963,2
3964,3
3965,2
3966,3
3967,3
3968,2
3969,2
3970,2
3971,2
3972,2
3973,2
3974,2
3975,1
3976,2
3977,2
3978,2
3979,2
3980,2
3981,3
3982,2
3983,3
3984,2
3985,2
3986,2
3987,2
3988,2
3989,2
3990,3
3991,2
3992,2
3993,3
3994,3
3995,2
3996,2
3997,2
3998,2
3999,2
4000,2
4001,3
4002,3
4003,2
4004,2
4005,2
4006,2
4007,3
4008,3
4009,3
4010,2
4011,3
4012,3
4013,2
4014,3
4015,2
4016,2
4017,2
4018,3
4019,2
4020,3
4021,1
4022,3
4023,2
4024,2
4025,2
4026,2
4027,3
4028,1
4029,2
4030,1
4031,3
4032,2
4033,2
4034,2
4035,2
4036,2
4037,3
4038,2
4039,3
4040,2
4041,2
4042,2
4043,3
4044,2
4045,2
4046,3
4047,2
4048,2
4049,2
4050,3
4051,2
4052,3
4053,3
4054,2
4055,2
4056,2
4057,3
4058,2
4059,2
4060,2
4061,2
4062,2
4063,2
4064,3
4065,2
4066,3
4067,3
4068,1
4069,3
4070,2
4071,3
4072,3
4073,3
4074,2
4075,2
4076,3
4077,3
4078,2
4079,3
4080,2
4081,2
4082,2
4083,3
4084,3
4085,2
4086,2
4087,3
4088,2
4089,2
4090,2
4091,2
4092,3
4093,3
4094,3
4095,2
4096,3
4097,2
4098,2
4099,2
4100,2
4101,2
4102,3
4103,2
4104,2
4105,2
4106,1
4107,2
4108,3
4109,2
4110,3
4111,2
4112,2
4113,2
4114,1
4115,2
4116,2
4117,3
4118,3
4119,2
4120,3
4121,3
4122,2
4123,1
4124,2
4125,2
4126,3
4127,1
4128,2
4129,2
4130,2
4131,2
4132,1
4133,2
4134,2
4135,2
4136,2
4137,2
4138,3
4139,3
4140,2
4141,1
4142,2
4143,2
4144,2
4145,2
4146,2
4147,2
4148,2
4149,2
4150,2
4151,2
4152,2
4153,2
4154,3
4155,2
4156,1
4157,2
4158,2
4159,3
4160,2
4161,3
4162,3
4163,3
4164,3
4165,3
4166,3
4167,2
4168,2
4169,2
4170,2
4171,2
4172,2
4173,2
4174,3
4175,2
4176,1
4177,2
4178,2
4179,2
4180,3
4181,2
4182,3
4183,2
4184,3
4185,2
4186,2
4187,3
4188,3
4189,3
4190,2
4191,2
4192,2
4193,3
4194,2
4195,2
4196,2
4197,2
4198,2
4199,2
4200,2
4201,2
4202,2
4203,2
4204,2
4205,2
4206,3
4207,2
4208,2
4209,2
4210,2
4211,3
4212,1
4213,2
4214,2
4215,2
4216,2
4217,3
4218,2
4219,2
4220,2
4221,2
4222,3
4223,3
4224,2
4225,2
4226,3
4227,2
4228,2
4229,2
4230,2
4231,3
4232,2
4233,2
4234,2
4235,2
4236,2
4237,2
4238,2
4239,2
4240,3
4241,2
4242,2
4243,2
4244,2
4245,3
4246,2
4247,2
4248,2
4249,2
4250,2
4251,3
4252,2
4253,1
4254,2
4255,2
4256,2
4257,2
4258,1
4259,2
4260,2
4261,2
4262,2
4263,2
4264,2
4265,2
4266,2
4267,2
4268,2
4269,1
4270,2
4271,2
4272,2
4273,2
4274,2
4275,3
4276,3
4277,2
4278,1
4279,2
4280,2
4281,2
4282,2
4283,2
4284,1
4285,2
4286,2
4287,2
4288,2
4289,2
4290,2
4291,3
4292,2
4293,2
4294,2
4295,2
4296,2
4297,2
4298,3
4299,2
4300,2
4301,2
4302,3
4303,3
4304,3
4305,2
4306,2
4307,2
4308,2
4309,2
4310,3
4311,1
4312,3
4313,2
4314,2
4315,2
4316,2
4317,2
4318,2
4319,2
4320,2
4321,2
4322,3
4323,2
4324,3
4325,1
4326,3
4327,2
4328,2
4329,2
4330,2
4331,2
4332,2
4333,3
4334,3
4335,2
4336,2
4337,2
4338,2
4339,3
4340,2
4341,2
4342,2
4343,3
4344,2
4345,2
4346,2
4347,3
4348,2
4349,3
4350,3
4351,2
4352,2
4353,1
4354,3
4355,2
4356,3
4357,2
4358,2
4359,3
4360,3
4361,3
4362,2
4363,3
4364,3
4365,2
4366,2
4367,3
4368,3
4369,2
4370,2
4371,2
4372,2
4373,2
4374,2
4375,2
4376,2
4377,2
4378,2
4379,2
4380,3
4381,3
4382,2
4383,1
4384,2
4385,2
4386,2
4387,3
4388,3
4389,2
4390,2
4391,2
4392,2
4393,2
4394,2
4395,2
4396,2
4397,2
4398,2
4399,2
4400,2
4401,3
4402,2
4403,3
4404,2
4405,3
4406,2
4407,2
4408,2
4409,2
4410,3
4411,2
4412,2
4413,2
4414,2
4415,3
4416,2
4417,3
4418,2
4419,2
4420,2
4421,1
4422,2
4423,2
4424,3
4425,2
4426,2
4427,3
4428,2
4429,2
4430,2
4431,2
4432,1
4433,2
4434,2
4435,1
4436,2
4437,2
4438,2
4439,2
4440,2
4441,2
4442,3
4443,3
4444,2
4445,3
4446,2
4447,2
4448,2
4449,2
4450,2
4451,2
4452,2
4453,3
4454,2
4455,2
4456,2
4457,2
4458,2
4459,2
4460,2
4461,3
4462,2
4463,2
4464,2
4465,3
4466,2
4467,2
4468,2
4469,2
4470,1
4471,2
4472,3
4473,2
4474,2
4475,2
4476,2
4477,2
4478,2
4479,2
4480,3
4481,2
4482,2
4483,2
4484,2
4485,3
4486,2
4487,3
4488,2
4489,2
4490,2
4491,2
4492,3
4493,2
4494,1
4495,2
4496,1
4497,3
4498,2
4499,2
4500,2
4501,2
4502,2
4503,3
4504,2
4505,2
4506,2
4507,2
4508,1
4509,2
4510,3
4511,2
4512,1
4513,2
4514,3
4515,2
4516,2
4517,2
4518,3
4519,2
4520,2
4521,2
4522,2
4523,3
4524,2
4525,2
4526,2
4527,1
4528,2
4529,2
4530,2
4531,2
4532,2
4533,2
4534,3
4535,2
4536,3
4537,2
4538,1
4539,2
4540,2
4541,3
4542,2
4543,2
4544,2
4545,2
4546,3
4547,2
4548,2
4549,3
4550,2
4551,2
4552,2
4553,2
4554,2
4555,2
4556,2
4557,2
4558,2
4559,1
4560,2
4561,2
4562,2
4563,2
4564,3
4565,2
4566,2
4567,2
4568,2
4569,2
4570,2
4571,3
4572,2
4573,2
4574,3
4575,2
4576,2
4577,2
4578,2
4579,2
4580,3
4581,2
4582,3
4583,1
4584,2
4585,2
4586,2
4587,3
4588,2
4589,3
4590,2
4591,2
4592,2
4593,2
4594,2
4595,3
4596,3
4597,2
4598,2
4599,2
4600,1
4601,2
4602,3
4603,2
4604,2
4605,2
4606,2
4607,2
4608,1
4609,3
4610,2
4611,3
4612,2
4613,3
4614,2
4615,3
4616,2
4617,2
4618,2
4619,2
4620,3
4621,2
4622,3
4623,2
4624,2
4625,2
4626,2
4627,1
4628,2
4629,2
4630,1
4631,2
4632,2
4633,2
4634,3
4635,1
4636,2
4637,3
4638,2
4639,3
4640,2
4641,3
4642,3
4643,2
4644,3
4645,3
4646,2
4647,3
4648,2
4649,2
4650,2
4651,2
4652,1
4653,2
4654,2
4655,2
4656,3
4657,2
4658,3
4659,2
4660,2
4661,2
4662,2
4663,2
4664,1
4665,2
4666,2
4667,2
4668,2
4669,2
4670,2
4671,2
4672,2
4673,2
4674,2
4675,3
4676,2
4677,3
4678,2
4679,2
4680,2
4681,2
4682,2
4683,2
4684,2
4685,2
4686,2
4687,2
4688,2
4689,2
4690,2
4691,2
4692,3
4693,2
4694,2
4695,3
4696,2
4697,2
4698,1
4699,2
4700,2
4701,2
4702,2
4703,2
4704,3
4705,3
4706,3
4707,3
4708,2
4709,2
4710,2
4711,2
4712,2
4713,2
4714,2
4715,2
4716,2
4717,2
4718,1
4719,2
4720,2
4721,2
4722,2
4723,2
4724,2
4725,2
4726,3
4727,3
4728,2
4729,2
4730,3
4731,2
4732,2
4733,3
4734,2
4735,3
4736,2
4737,3
4738,2
4739,2
4740,2
4741,2
4742,2
4743,1
4744,2
4745,2
4746,3
4747,2
4748,3
4749,2
4750,2
4751,3
4752,2
4753,2
4754,3
4755,2
4756,3
4757,2
4758,2
4759,2
4760,2
4761,2
4762,3
4763,2
4764,2
4765,2
4766,2
4767,2
4768,2
4769,2
4770,3
4771,2
4772,2
4773,2
4774,2
4775,1
4776,3
4777,2
4778,1
4779,3
4780,2
4781,2
4782,2
4783,2
4784,2
4785,2
4786,2
4787,3
4788,2
4789,2
4790,2
4791,2
4792,2
4793,2
4794,2
4795,2
4796,2
4797,2
4798,2
4799,1
4800,3
4801,2
4802,2
4803,2
4804,2
4805,2
4806,2
4807,2
4808,2
4809,2
4810,3
4811,2
4812,2
4813,2
4814,2
4815,2
4816,2
4817,3
4818,2
4819,2
4820,2
4821,2
4822,2
4823,3
4824,2
4825,3
4826,3
4827,2
4828,2
4829,2
4830,2
4831,2
4832,2
4833,3
4834,2
4835,1
4836,3
4837,2
4838,2
4839,3
4840,3
4841,2
4842,2
4843,2
4844,2
4845,2
4846,3
4847,2
4848,1
4849,2
4850,2
4851,2
4852,2
4853,2
4854,2
4855,2
4856,2
4857,2
4858,2
4859,2
4860,1
4861,2
4862,2
4863,3
4864,2
4865,2
4866,2
4867,2
4868,2
4869,2
4870,1
4871,2
4872,1
4873,2
4874,2
4875,3
4876,2
4877,2
4878,2
4879,2
4880,2
4881,2
4882,2
4883,3
4884,1
4885,2
4886,2
4887,2
4888,3
4889,3
4890,2
4891,2
4892,2
4893,2
4894,3
4895,2
4896,2
4897,2
4898,3
4899,2
4900,2
4901,2
4902,1
4903,3
4904,2
4905,2
4906,2
4907,2
4908,2
4909,2
4910,2
4911,2
4912,2
4913,2
4914,3
4915,2
4916,2
4917,2
4918,3
4919,2
4920,2
4921,2
4922,2
4923,2
4924,2
4925,2
4926,2
4927,2
4928,2
4929,2
4930,2
4931,3
4932,3
4933,2
4934,3
4935,2
4936,3
4937,2
4938,2
4939,2
4940,3
4941,1
4942,3
4943,2
4944,3
4945,2
4946,2
4947,3
4948,2
4949,2
4950,2
4951,3
4952,3
4953,2
4954,2
4955,2
4956,3
4957,2
4958,2
4959,2
4960,2
4961,2
4962,2
4963,1
4964,2
4965,2
4966,3
4967,1
4968,2
4969,2
4970,3
4971,2
4972,3
4973,3
4974,2
4975,3
4976,2
4977,2
4978,2
4979,2
4980,3
4981,2
4982,2
4983,2
4984,2
4985,3
4986,2
4987,2
4988,2
4989,3
4990,3
4991,1
4992,2
4993,2
4994,1
4995,2
4996,3
4997,2
4998,2
4999,2
5000,2
5001,2
5002,2
5003,2
5004,3
5005,2
5006,2
5007,3
5008,2
5009,2
5010,2
5011,2
5012,2
5013,2
5014,2
5015,2
5016,1
5017,2
5018,2
5019,2
5020,3
5021,3
5022,2
5023,2
5024,2
5025,2
5026,3
5027,2
5028,2
5029,3
5030,2
5031,2
5032,2
5033,2
5034,2
5035,2
5036,2
5037,3
5038,2
5039,2
5040,3
5041,2
5042,3
5043,2
5044,3
5045,2
5046,3
5047,2
5048,2
5049,2
5050,2
5051,2
5052,2
5053,2
5054,2
5055,3
5056,2
5057,2
5058,2
5059,1
5060,2
5061,2
5062,2
5063,2
5064,2
5065,2
5066,2
5067,2
5068,2
5069,2
5070,2
5071,2
5072,2
5073,2
5074,3
5075,2
5076,2
5077,2
5078,2
5079,2
5080,2
5081,2
5082,3
5083,2
5084,2
5085,2
5086,2
5087,2
5088,2
5089,3
5090,2
5091,3
5092,3
5093,2
5094,2
5095,2
5096,2
5097,2
5098,2
5099,2
5100,2
5101,2
5102,2
5103,1
5104,2
5105,3
5106,2
5107,2
5108,2
5109,2
5110,2
5111,2
5112,2
5113,2
5114,3
5115,2
5116,2
5117,3
5118,2
5119,1
5120,3
5121,2
5122,2
5123,2
5124,3
5125,3
5126,2
5127,2
5128,3
5129,2
5130,2
5131,2
5132,2
5133,3
5134,2
5135,3
5136,2
5137,2
5138,3
5139,2
5140,2
5141,1
5142,3
5143,3
5144,2
5145,2
5146,2
5147,2
5148,2
5149,2
5150,2
5151,2
5152,2
5153,3
5154,3
5155,3
5156,3
5157,2
5158,2
5159,2
5160,3
5161,3
5162,2
5163,2
5164,3
5165,3
5166,2
5167,2
5168,3
5169,2
5170,2
5171,1
5172,1
5173,1
5174,3
5175,2
5176,1
5177,2
5178,3
5179,2
5180,2
5181,2
5182,2
5183,2
5184,2
5185,2
5186,3
5187,2
5188,2
5189,3
5190,2
5191,2
5192,2
5193,2
5194,2
5195,2
5196,2
5197,2
5198,3
5199,1
5200,2
5201,2
5202,3
5203,2
5204,2
5205,2
5206,3
5207,2
5208,2
5209,3
5210,2
5211,3
5212,2
5213,1
5214,2
5215,3
5216,1
5217,2
5218,2
5219,2
5220,3
5221,2
5222,2
5223,2
5224,2
5225,2
5226,2
5227,3
5228,2
5229,2
5230,1
5231,3
5232,3
5233,2
5234,2
5235,2
5236,2
5237,2
5238,2
5239,2
5240,2
5241,2
5242,2
5243,2
5244,2
5245,3
5246,2
5247,2
5248,2
5249,3
5250,2
5251,3
5252,2
5253,3
5254,2
5255,2
5256,2
5257,3
5258,3
5259,3
5260,3
5261,2
5262,2
5263,1
5264,2
5265,2
5266,2
5267,1
5268,2
5269,2
5270,2
5271,1
5272,2
5273,2
5274,2
5275,2
5276,2
5277,2
5278,2
5279,2
5280,2
5281,1
5282,2
5283,2
5284,2
5285,2
5286,2
5287,2
5288,3
5289,2
5290,2
5291,2
5292,2
5293,2
5294,3
5295,3
5296,2
5297,3
5298,2
5299,3
5300,3
5301,3
5302,3
5303,3
5304,2
5305,1
5306,2
5307,2
5308,2
5309,2
5310,2
5311,2
5312,2
5313,3
5314,3
5315,3
5316,1
5317,2
5318,2
5319,2
5320,2
5321,1
5322,2
5323,2
5324,2
5325,2
5326,2
5327,3
5328,2
5329,2
5330,2
5331,2
5332,2
5333,2
5334,2
5335,2
5336,3
5337,2
5338,2
5339,1
5340,2
5341,2
5342,1
5343,2
5344,3
5345,2
5346,2
5347,2
5348,1
5349,2
5350,2
5351,3
5352,2
5353,2
5354,2
5355,2
5356,2
5357,2
5358,2
5359,2
5360,2
5361,2
5362,2
5363,2
5364,2
5365,2
5366,2
5367,2
5368,2
5369,2
5370,3
5371,3
5372,2
5373,2
5374,2
5375,2
5376,3
5377,2
5378,2
5379,3
5380,2
5381,3
5382,2
5383,2
5384,2
5385,1
5386,2
5387,2
5388,2
5389,2
5390,3
5391,2
5392,3
5393,3
5394,2
5395,2
5396,1
5397,2
5398,2
5399,2
5400,2
5401,2
5402,2
5403,1
5404,2
5405,2
5406,3
5407,3
5408,2
5409,1
5410,2
5411,2
5412,2
5413,2
5414,1
5415,3
5416,2
5417,2
5418,2
5419,2
5420,2
5421,2
5422,2
5423,2
5424,3
5425,2
5426,2
5427,3
5428,2
5429,2
5430,2
5431,2
5432,2
5433,2
5434,2
5435,2
5436,2
5437,2
5438,2
5439,2
5440,2
5441,3
5442,2
5443,2
5444,2
5445,2
5446,2
5447,2
5448,3
5449,2
5450,3
5451,2
5452,2
5453,2
5454,2
5455,2
5456,3
5457,3
5458,2
5459,2
5460,2
5461,2
5462,2
5463,2
5464,2
5465,2
5466,2
5467,1
5468,2
5469,2
5470,2
5471,2
5472,2
5473,2
5474,2
5475,2
5476,2
5477,2
5478,2
5479,2
5480,3
5481,2
5482,2
5483,3
5484,2
5485,2
5486,2
5487,2
5488,3
5489,2
5490,2
5491,2
5492,1
5493,3
5494,2
5495,2
5496,2
5497,2
5498,2
5499,2
5500,1
5501,2
5502,2
5503,2
5504,2
5505,2
5506,1
5507,3
5508,3
5509,2
5510,3
5511,2
5512,2
5513,3
5514,3
5515,2
5516,2
5517,1
5518,3
5519,3
5520,2
5521,2
5522,2
5523,2
5524,2
5525,2
5526,2
5527,3
5528,2
5529,2
5530,3
5531,2
5532,2
5533,3
5534,2
5535,2
5536,2
5537,2
5538,2
5539,2
5540,2
5541,2
5542,3
5543,2
5544,2
5545,2
5546,1
5547,2
5548,2
5549,2
5550,2
5551,2
5552,2
5553,2
5554,2
5555,3
5556,1
5557,2
5558,2
5559,2
5560,2
5561,2
5562,2
5563,2
5564,2
5565,2
5566,1
5567,2
5568,3
5569,2
5570,2
5571,1
5572,2
5573,2
5574,2
5575,2
5576,3
5577,2
5578,3
5579,2
5580,3
5581,2
5582,1
5583,2
5584,2
5585,2
5586,2
5587,2
5588,2
5589,2
5590,3
5591,2
5592,3
5593,3
5594,2
5595,3
5596,2
5597,2
5598,2
5599,2
5600,2
5601,2
5602,2
5603,2
5604,2
5605,3
5606,2
5607,2
5608,2
5609,3
5610,3
5611,3
5612,3
5613,3
5614,3
5615,2
5616,3
5617,1
5618,2
5619,2
5620,3
5621,2
5622,3
5623,3
5624,2
5625,2
5626,2
5627,2
5628,2
5629,2
5630,3
5631,2
5632,3
5633,2
5634,2
5635,2
5636,2
5637,2
5638,2
5639,3
5640,3
5641,2
5642,2
5643,2
5644,2
5645,3
5646,3
5647,2
5648,2
5649,2
5650,2
5651,3
5652,2
5653,3
5654,2
5655,2
5656,2
5657,2
5658,2
5659,2
5660,2
5661,2
5662,2
5663,2
5664,2
5665,3
5666,2
5667,1
5668,2
5669,2
5670,3
5671,2
5672,1
5673,3
5674,2
5675,2
5676,2
5677,2
5678,3
5679,2
5680,2
5681,2
5682,2
5683,3
5684,3
5685,2
5686,1
5687,1
5688,1
5689,3
5690,3
5691,2
5692,2
5693,2
5694,2
5695,2
5696,2
5697,2
5698,2
5699,2
5700,1
5701,2
5702,2
5703,2
5704,2
5705,2
5706,2
5707,2
5708,3
5709,2
5710,2
5711,2
5712,2
5713,2
5714,2
5715,3
5716,2
5717,3
5718,2
5719,2
5720,2
5721,2
5722,3
5723,2
5724,2
5725,2
5726,2
5727,2
5728,2
5729,2
5730,2
5731,2
5732,2
5733,2
5734,2
5735,2
5736,2
5737,2
5738,3
5739,3
5740,3
5741,2
5742,3
5743,3
5744,3
5745,1
5746,2
5747,2
5748,2
5749,2
5750,2
5751,2
5752,1
5753,3
5754,2
5755,3
5756,3
5757,2
5758,2
5759,2
5760,2
5761,3
5762,2
5763,2
5764,1
5765,2
5766,2
5767,2
5768,2
5769,2
5770,2
5771,2
5772,2
5773,2
5774,2
5775,2
5776,2
5777,2
5778,2
5779,2
5780,3
5781,3
5782,2
5783,2
5784,2
5785,2
5786,3
5787,2
5788,2
5789,2
5790,2
5791,2
5792,2
5793,2
5794,2
5795,2
5796,3
5797,3
5798,2
5799,2
5800,2
5801,2
5802,2
5803,3
5804,2
5805,3
5806,2
5807,2
5808,2
5809,2
5810,2
5811,2
5812,2
5813,2
5814,1
5815,2
5816,2
5817,3
5818,2
5819,2
5820,2
5821,2
5822,2
5823,2
5824,2
5825,2
5826,2
5827,3
5828,2
5829,2
5830,2
5831,2
5832,2
5833,2
5834,3
5835,2
5836,2
5837,2
5838,3
5839,2
5840,2
5841,2
5842,2
5843,1
5844,2
5845,1
5846,3
5847,3
5848,3
5849,2
5850,3
5851,2
5852,2
5853,3
5854,2
5855,2
5856,2
5857,2
5858,2
5859,2
5860,2
5861,2
5862,2
5863,1
5864,2
5865,2
5866,2
5867,3
5868,2
5869,3
5870,2
5871,2
5872,2
5873,2
5874,2
5875,2
5876,2
5877,3
5878,2
5879,2
5880,2
5881,3
5882,3
5883,2
5884,2
5885,2
5886,2
5887,2
5888,1
5889,3
5890,2
5891,2
5892,3
5893,2
5894,3
5895,3
5896,2
5897,2
5898,3
5899,2
5900,2
5901,2
5902,3
5903,2
5904,2
5905,2
5906,3
5907,2
5908,3
5909,2
5910,2
5911,2
5912,2
5913,2
5914,2
5915,2
5916,2
5917,2
5918,2
5919,3
5920,2
5921,2
5922,3
5923,2
5924,2
5925,2
5926,2
5927,2
5928,1
5929,2
5930,2
5931,3
5932,2
5933,1
5934,2
5935,2
5936,3
5937,2
5938,2
5939,2
5940,3
5941,2
5942,2
5943,1
5944,2
5945,2
5946,2
5947,2
5948,2
5949,2
5950,3
5951,2
5952,3
5953,2
5954,2
5955,2
5956,3
5957,2
5958,3
5959,3
5960,2
5961,2
5962,2
5963,2
5964,3
5965,2
5966,2
5967,2
5968,3
5969,2
5970,2
5971,1
5972,2
5973,2
5974,2
5975,2
5976,2
5977,2
5978,2
5979,2
5980,3
5981,3
5982,2
5983,2
5984,2
5985,2
5986,3
5987,1
5988,3
5989,2
5990,3
5991,2
5992,2
5993,2
5994,3
5995,2
5996,3
5997,2
5998,2
5999,2
6000,2
6001,2
6002,1
6003,2
6004,2
6005,2
6006,2
6007,2
6008,3
6009,1
6010,1
6011,2
6012,1
6013,2
6014,3
6015,3
6016,2
6017,3
6018,2
6019,3
6020,2
6021,1
6022,2
6023,2
6024,2
6025,3
6026,2
6027,3
6028,2
6029,2
6030,2
6031,3
6032,2
6033,2
6034,2
6035,2
6036,2
6037,2
6038,3
6039,2
6040,3
6041,2
6042,2
6043,2
6044,3
6045,3
6046,2
6047,2
6048,2
6049,3
6050,3
6051,3
6052,2
6053,1
6054,2
6055,3
6056,3
6057,2
6058,2
6059,2
6060,2
6061,2
6062,3
6063,2
6064,2
6065,2
6066,2
6067,2
6068,2
6069,1
6070,2
6071,2
6072,2
6073,2
6074,2
6075,2
6076,2
6077,2
6078,2
6079,3
6080,2
6081,2
6082,2
6083,2
6084,2
6085,2
6086,3
6087,1
6088,2
6089,2
6090,2
6091,2
6092,2
6093,2
6094,2
6095,2
6096,3
6097,2
6098,2
6099,2
6100,2
6101,2
6102,2
6103,2
6104,1
6105,2
6106,2
6107,2
6108,3
6109,2
6110,2
6111,2
6112,3
6113,2
6114,3
6115,2
6116,2
6117,2
6118,2
6119,2
6120,2
6121,2
6122,2
6123,3
6124,2
6125,2
6126,2
6127,2
6128,2
6129,2
6130,3
6131,2
6132,1
6133,2
6134,1
6135,2
6136,2
6137,2
6138,2
6139,2
6140,3
6141,2
6142,2
6143,3
6144,1
6145,2
6146,3
6147,2
6148,1
6149,2
6150,3
6151,2
6152,2
6153,3
6154,2
6155,2
6156,3
6157,3
6158,3
6159,2
6160,2
6161,3
6162,2
6163,1
6164,3
6165,2
6166,2
6167,2
6168,2
6169,3
6170,3
6171,2
6172,2
6173,2
6174,1
6175,2
6176,2
6177,3
6178,3
6179,2
6180,2
6181,2
6182,2
6183,2
6184,1
6185,3
6186,2
6187,3
6188,2
6189,2
6190,3
6191,2
6192,2
6193,2
6194,2
6195,2
6196,3
6197,2
6198,2
6199,2
6200,2
6201,1
6202,2
6203,2
6204,2
6205,2
6206,2
6207,3
6208,3
6209,2
6210,2
6211,2
6212,2
6213,3
6214,2
6215,2
6216,2
6217,2
6218,3
6219,2
6220,2
6221,2
6222,3
6223,3
6224,2
6225,2
6226,2
6227,2
6228,3
6229,3
6230,2
6231,3
6232,2
6233,1
6234,2
6235,3
6236,1
6237,2
6238,2
6239,2
6240,2
6241,3
6242,2
6243,2
6244,2
6245,2
6246,2
6247,3
6248,3
6249,2
6250,2
6251,3
6252,3
6253,2
6254,3
6255,2
6256,2
6257,2
6258,3
6259,3
6260,2
6261,2
6262,3
6263,2
6264,2
6265,3
6266,2
6267,2
6268,2
6269,2
6270,2
6271,3
6272,2
6273,2
6274,2
6275,2
6276,1
6277,2
6278,2
6279,2
6280,2
6281,2
6282,2
6283,1
6284,3
6285,3
6286,2
6287,2
6288,3
6289,2
6290,2
6291,2
6292,2
6293,3
6294,2
6295,2
6296,2
6297,3
6298,2
6299,2
6300,2
6301,2
6302,2
6303,3
6304,3
6305,2
6306,2
6307,2
6308,2
6309,3
6310,2
6311,2
6312,2
6313,2
6314,3
6315,2
6316,2
6317,2
6318,2
6319,3
6320,3
6321,2
6322,3
6323,2
6324,3
6325,1
6326,2
6327,2
6328,3
6329,2
6330,2
6331,2
6332,2
6333,3
6334,2
6335,2
6336,1
6337,2
6338,1
6339,2
6340,3
6341,3
6342,2
6343,2
6344,2
6345,3
6346,1
6347,2
6348,2
6349,2
6350,2
6351,2
6352,2
6353,2
6354,2
6355,3
6356,2
6357,1
6358,2
6359,2
6360,2
6361,3
6362,2
6363,2
6364,2
6365,2
6366,2
6367,2
6368,2
6369,2
6370,2
6371,2
6372,2
6373,2
6374,2
6375,3
6376,2
6377,2
6378,2
6379,3
6380,2
6381,2
6382,2
6383,3
6384,2
6385,2
6386,3
6387,2
6388,2
6389,2
6390,2
6391,3
6392,2
6393,2
6394,3
6395,1
6396,2
6397,2
6398,1
6399,2
6400,2
6401,2
6402,3
6403,2
6404,2
6405,3
6406,2
6407,2
6408,3
6409,3
6410,2
6411,2
6412,2
6413,3
6414,2
6415,3
6416,2
6417,2
6418,3
6419,2
6420,2
6421,2
6422,3
6423,2
6424,2
6425,2
6426,3
6427,2
6428,3
6429,1
6430,3
6431,3
6432,2
6433,3
6434,3
6435,3
6436,2
6437,2
6438,3
6439,3
6440,2
6441,3
6442,2
6443,2
6444,2
6445,3
6446,3
6447,3
6448,1
6449,3
6450,2
6451,2
6452,3
6453,2
6454,2
6455,2
6456,1
6457,3
6458,2
6459,1
6460,2
6461,1
6462,2
6463,2
6464,2
6465,2
6466,2
6467,2
6468,2
6469,2
6470,2
6471,2
6472,2
6473,3
6474,2
6475,3
6476,1
6477,2
6478,2
6479,2
6480,2
6481,2
6482,2
6483,2
6484,2
6485,2
6486,3
6487,2
6488,2
6489,2
6490,2
6491,2
6492,2
6493,2
6494,2
6495,3
6496,2
6497,3
6498,2
6499,2
6500,3
6501,2
6502,2
6503,3
6504,2
6505,2
6506,1
6507,2
6508,2
6509,2
6510,2
6511,2
6512,2
6513,2
6514,2
6515,2
6516,2
6517,2
6518,2
6519,3
6520,2
6521,3
6522,3
6523,3
6524,3
6525,2
6526,2
6527,2
6528,2
6529,2
6530,2
6531,2
6532,2
6533,2
6534,2
6535,2
6536,2
6537,2
6538,2
6539,2
6540,2
6541,3
6542,3
6543,2
6544,2
6545,2
6546,3
6547,2
6548,3
6549,3
6550,2
6551,2
6552,2
6553,3
6554,2
6555,2
6556,2
6557,2
6558,3
6559,2
6560,2
6561,3
6562,2
6563,2
6564,2
6565,2
6566,2
6567,2
6568,2
6569,3
6570,3
6571,3
6572,2
6573,2
6574,2
6575,2
6576,2
6577,2
6578,3
6579,2
6580,2
6581,2
6582,3
6583,3
6584,2
6585,2
6586,2
6587,2
6588,3
6589,2
6590,3
6591,2
6592,3
6593,2
6594,3
6595,2
6596,2
6597,2
6598,2
6599,2
6600,1
6601,2
6602,2
6603,3
6604,2
6605,2
6606,2
6607,3
6608,3
6609,3
6610,2
6611,2
6612,2
6613,2
6614,3
6615,2
6616,2
6617,1
6618,2
6619,3
6620,2
6621,2
6622,3
6623,1
6624,2
6625,2
6626,2
6627,2
6628,2
6629,2
6630,2
6631,2
6632,3
6633,2
6634,3
6635,2
6636,2
6637,2
6638,2
6639,2
6640,2
6641,3
6642,2
6643,2
6644,2
6645,2
6646,3
6647,2
6648,2
6649,3
6650,3
6651,2
6652,2
6653,1
6654,2
6655,2
6656,2
6657,3
6658,3
6659,3
6660,2
6661,2
6662,2
6663,3
6664,2
6665,2
6666,2
6667,3
6668,2
6669,2
6670,2
6671,2
6672,2
6673,1
6674,2
6675,2
6676,2
6677,3
6678,2
6679,1
6680,2
6681,2
6682,1
6683,1
6684,2
6685,2
6686,2
6687,2
6688,2
6689,2
6690,2
6691,2
6692,2
6693,2
6694,2
6695,2
6696,2
6697,2
6698,3
6699,2
6700,3
6701,2
6702,2
6703,2
6704,2
6705,2
6706,2
6707,1
6708,3
6709,2
6710,2
6711,2
6712,2
6713,2
6714,2
6715,2
6716,2
6717,2
6718,2
6719,2
6720,2
6721,3
6722,2
6723,3
6724,2
6725,2
6726,2
6727,1
6728,1
6729,2
6730,2
6731,1
6732,2
6733,3
6734,2
6735,2
6736,2
6737,2
6738,2
6739,2
6740,2
6741,2
6742,2
6743,2
6744,2
6745,3
6746,3
6747,2
6748,3
6749,2
6750,3
6751,2
6752,3
6753,2
6754,2
6755,3
6756,2
6757,2
6758,3
6759,3
6760,2
6761,2
6762,2
6763,2
6764,1
6765,3
6766,2
6767,2
6768,3
6769,1
6770,2
6771,2
6772,2
6773,2
6774,2
6775,2
6776,1
6777,3
6778,2
6779,2
6780,2
6781,2
6782,2
6783,2
6784,3
6785,2
6786,2
6787,2
6788,2
6789,2
6790,2
6791,3
6792,2
6793,3
6794,2
6795,3
6796,2
6797,2
6798,3
6799,1
6800,2
6801,2
6802,3
6803,1
6804,3
6805,2
6806,3
6807,2
6808,2
6809,2
6810,2
6811,2
6812,3
6813,2
6814,3
6815,3
6816,3
6817,2
6818,2
6819,2
6820,2
6821,1
6822,2
6823,3
6824,1
6825,2
6826,2
6827,2
6828,2
6829,2
6830,2
6831,2
6832,2
6833,3
6834,1
6835,2
6836,2
6837,2
6838,2
6839,2
6840,2
6841,2
6842,3
6843,3
6844,3
6845,1
6846,3
6847,2
6848,2
6849,2
6850,3
6851,2
6852,2
6853,2
6854,2
6855,3
6856,2
6857,2
6858,2
6859,3
6860,3
6861,2
6862,2
6863,2
6864,2
6865,2
6866,1
6867,2
6868,2
6869,2
6870,2
6871,1
6872,2
6873,2
6874,2
6875,2
6876,2
6877,2
6878,2
6879,2
6880,2
6881,1
6882,2
6883,1
6884,3
6885,2
6886,2
6887,2
6888,2
6889,2
6890,2
6891,2
6892,3
6893,3
6894,2
6895,2
6896,2
6897,2
6898,2
6899,2
6900,1
6901,2
6902,3
6903,3
6904,2
6905,2
6906,2
6907,2
6908,2
6909,1
6910,2
6911,3
6912,2
6913,2
6914,2
6915,2
6916,2
6917,2
6918,3
6919,2
6920,2
6921,2
6922,2
6923,2
6924,2
6925,2
6926,2
6927,2
6928,3
6929,2
6930,2
6931,2
6932,3
6933,2
6934,2
6935,3
6936,2
6937,2
6938,2
6939,3
6940,1
6941,3
6942,2
6943,2
6944,2
6945,3
6946,1
6947,3
6948,2
6949,3
6950,2
6951,1
6952,1
6953,2
6954,2
6955,2
6956,2
6957,2
6958,3
6959,2
6960,2
6961,3
6962,2
6963,2
6964,2
6965,2
6966,2
6967,2
6968,2
6969,1
6970,3
6971,2
6972,2
6973,2
6974,2
6975,2
6976,2
6977,2
6978,3
6979,2
6980,3
6981,1
6982,1
6983,3
6984,2
6985,3
6986,3
6987,2
6988,2
6989,2
6990,2
6991,2
6992,3
6993,2
6994,2
6995,2
6996,2
6997,1
6998,3
6999,2
7000,2
7001,2
7002,3
7003,2
7004,2
7005,2
7006,2
7007,2
7008,2
7009,3
7010,3
7011,2
7012,3
7013,3
7014,2
7015,2
7016,2
7017,3
7018,2
7019,2
7020,3
7021,2
7022,2
7023,2
7024,2
7025,2
7026,2
7027,2
7028,2
7029,2
7030,2
7031,2
7032,2
7033,2
7034,2
7035,3
7036,3
7037,3
7038,2
7039,2
7040,2
7041,2
7042,2
7043,2
7044,2
7045,2
7046,2
7047,2
7048,2
7049,2
7050,2
7051,2
7052,3
7053,2
7054,2
7055,3
7056,2
7057,3
7058,1
7059,2
7060,2
7061,3
7062,2
7063,3
7064,2
7065,2
7066,2
7067,3
7068,2
7069,2
7070,3
7071,2
7072,2
7073,3
7074,3
7075,2
7076,2
7077,3
7078,2
7079,2
7080,3
7081,2
7082,2
7083,3
7084,2
7085,2
7086,2
7087,2
7088,2
7089,2
7090,2
7091,1
7092,1
7093,3
7094,2
7095,3
7096,2
7097,2
7098,2
7099,3
7100,3
7101,2
7102,1
7103,3
7104,2
7105,1
7106,2
7107,2
7108,2
7109,3
7110,2
7111,3
7112,2
7113,2
7114,2
7115,3
7116,2
7117,2
7118,2
7119,2
7120,2
7121,2
7122,2
7123,3
7124,3
7125,2
7126,2
7127,2
7128,2
7129,3
7130,2
7131,2
7132,2
7133,2
7134,2
7135,3
7136,2
7137,2
7138,3
7139,2
7140,2
7141,2
7142,2
7143,2
7144,2
7145,2
7146,3
7147,3
7148,3
7149,3
7150,2
7151,2
7152,2
7153,2
7154,2
7155,2
7156,2
7157,2
7158,2
7159,2
7160,2
7161,2
7162,2
7163,3
7164,3
7165,2
7166,2
7167,3
7168,2
7169,1
7170,2
7171,2
7172,2
7173,2
7174,2
7175,3
7176,3
7177,1
7178,2
7179,2
7180,2
7181,2
7182,2
7183,2
7184,2
7185,1
7186,2
7187,2
7188,3
7189,3
7190,1
7191,2
7192,2
7193,3
7194,2
7195,2
7196,2
7197,2
7198,2
7199,2
7200,2
7201,2
7202,2
7203,2
7204,2
7205,2
7206,2
7207,2
7208,2
7209,3
7210,2
7211,3
7212,2
7213,3
7214,3
7215,2
7216,3
7217,3
7218,2
7219,2
7220,2
7221,2
7222,3
7223,2
7224,2
7225,2
7226,2
7227,2
7228,2
7229,2
7230,2
7231,3
7232,3
7233,3
7234,2
7235,1
7236,2
7237,2
7238,2
7239,3
7240,2
7241,2
7242,3
7243,2
7244,2
7245,2
7246,2
7247,3
7248,2
7249,2
7250,2
7251,2
7252,2
7253,2
7254,2
7255,3
7256,2
7257,2
7258,3
7259,2
7260,2
7261,2
7262,3
7263,2
7264,2
7265,2
7266,2
7267,2
7268,1
7269,2
7270,2
7271,2
7272,2
7273,2
7274,2
7275,3
7276,2
7277,2
7278,3
7279,2
7280,3
7281,3
7282,3
7283,3
7284,3
7285,3
7286,3
7287,2
7288,2
7289,2
7290,3
7291,2
7292,2
7293,2
7294,3
7295,2
7296,1
7297,1
7298,2
7299,2
7300,3
7301,3
7302,3
7303,3
7304,3
7305,2
7306,2
7307,2
7308,2
7309,2
7310,2
7311,2
7312,3
7313,2
7314,3
7315,2
7316,3
7317,1
7318,2
7319,2
7320,2
7321,3
7322,3
7323,2
7324,2
7325,2
7326,2
7327,2
7328,2
7329,2
7330,2
7331,2
7332,2
7333,2
7334,3
7335,2
7336,2
7337,2
7338,3
7339,2
7340,3
7341,2
7342,2
7343,3
7344,2
7345,2
7346,2
7347,2
7348,3
7349,3
7350,3
7351,3
7352,3
7353,3
7354,2
7355,2
7356,2
7357,2
7358,2
7359,2
7360,2
7361,2
7362,2
7363,3
7364,2
7365,1
7366,2
7367,2
7368,3
7369,1
7370,2
7371,3
7372,2
7373,2
7374,2
7375,2
7376,3
7377,2
7378,3
7379,2
7380,2
7381,3
7382,3
7383,2
7384,2
7385,2
7386,3
7387,3
7388,2
7389,2
7390,3
7391,2
7392,2
7393,2
7394,2
7395,3
7396,2
7397,2
7398,3
7399,2
7400,2
7401,2
7402,3
7403,3
7404,2
7405,2
7406,2
7407,2
7408,2
7409,3
7410,2
7411,2
7412,2
7413,2
7414,2
7415,3
7416,3
7417,2
7418,3
7419,2
7420,2
7421,2
7422,2
7423,2
7424,2
7425,2
7426,2
7427,2
7428,3
7429,2
7430,2
7431,3
7432,2
7433,1
7434,3
7435,2
7436,2
7437,2
7438,2
7439,2
7440,2
7441,2
7442,2
7443,2
7444,1
7445,2
7446,2
7447,3
7448,2
7449,2
7450,2
7451,2
7452,1
7453,2
7454,2
7455,2
7456,3
7457,2
7458,2
7459,2
7460,1
7461,2
7462,2
7463,3
7464,3
7465,2
7466,3
7467,2
7468,2
7469,2
7470,2
7471,2
7472,3
7473,2
7474,3
7475,2
7476,2
7477,1
7478,2
7479,3
7480,2
7481,2
7482,3
7483,2
7484,3
7485,2
7486,2
7487,2
7488,3
7489,2
7490,3
7491,2
7492,2
7493,1
7494,2
7495,2
7496,3
7497,3
7498,2
7499,2
7500,2
7501,2
7502,2
7503,2
7504,2
7505,2
7506,2
7507,2
7508,2
7509,2
7510,2
7511,2
7512,2
7513,2
7514,2
7515,2
7516,1
7517,2
7518,2
7519,2
7520,2
7521,2
7522,1
7523,2
7524,2
7525,3
7526,2
7527,2
7528,2
7529,3
7530,2
7531,3
7532,3
7533,2
7534,3
7535,2
7536,3
7537,2
7538,2
7539,2
7540,2
7541,3
7542,2
7543,2
7544,2
7545,3
7546,2
7547,2
7548,2
7549,3
7550,2
7551,3
7552,2
7553,2
7554,3
7555,3
7556,3
7557,2
7558,3
7559,3
7560,2
7561,3
7562,2
7563,2
7564,2
7565,2
7566,2
7567,3
7568,2
7569,3
7570,3
7571,2
7572,3
7573,2
7574,2
7575,1
7576,1
7577,2
7578,2
7579,2
7580,3
7581,2
7582,3
7583,1
7584,2
7585,3
7586,2
7587,2
7588,3
7589,3
7590,3
7591,2
7592,2
7593,2
7594,2
7595,2
7596,2
7597,3
7598,2
7599,2
7600,2
7601,2
7602,2
7603,2
7604,2
7605,2
7606,1
7607,1
7608,3
7609,2
7610,2
7611,3
7612,2
7613,2
7614,2
7615,3
7616,2
7617,2
7618,2
7619,2
7620,2
7621,3
7622,1
7623,3
7624,2
7625,2
7626,2
7627,3
7628,2
7629,2
7630,2
7631,2
7632,2
7633,1
7634,2
7635,3
7636,2
7637,2
7638,2
7639,2
7640,2
7641,2
7642,2
7643,2
7644,2
7645,3
7646,3
7647,3
7648,2
7649,2
7650,2
7651,2
7652,2
7653,2
7654,1
7655,2
7656,2
7657,2
7658,2
7659,2
7660,3
7661,2
7662,2
7663,2
7664,2
7665,2
7666,3
7667,2
7668,3
7669,3
7670,2
7671,2
7672,2
7673,2
7674,2
7675,2
7676,2
7677,2
7678,2
7679,2
7680,2
7681,2
7682,2
7683,2
7684,3
7685,2
7686,2
7687,2
7688,2
7689,1
7690,2
7691,2
7692,2
7693,2
7694,3
7695,3
7696,2
7697,2
7698,2
7699,2
7700,2
7701,2
7702,2
7703,2
7704,2
7705,3
7706,3
7707,2
7708,2
7709,1
7710,2
7711,2
7712,2
7713,2
7714,2
7715,2
7716,2
7717,2
7718,2
7719,2
7720,2
7721,2
7722,3
7723,2
7724,3
7725,2
7726,2
7727,2
7728,1
7729,2
7730,2
7731,3
7732,3
7733,3
7734,2
7735,2
7736,2
7737,2
7738,3
7739,2
7740,2
7741,1
7742,2
7743,3
7744,3
7745,2
7746,2
7747,2
7748,2
7749,1
7750,3
7751,1
7752,2
7753,2
7754,1
7755,2
7756,2
7757,2
7758,3
7759,3
7760,3
7761,2
7762,2
7763,2
7764,2
7765,3
7766,1
7767,2
7768,2
7769,2
7770,2
7771,2
7772,2
7773,2
7774,2
7775,2
7776,2
7777,1
7778,3
7779,2
7780,3
7781,3
7782,2
7783,3
7784,2
7785,2
7786,2
7787,2
7788,2
7789,2
7790,2
7791,2
7792,2
7793,3
7794,3
7795,2
7796,2
7797,3
7798,2
7799,1
7800,3
7801,2
7802,1
7803,2
7804,1
7805,2
7806,2
7807,2
7808,2
7809,3
7810,2
7811,2
7812,2
7813,3
7814,2
7815,2
7816,3
7817,2
7818,3
7819,1
7820,2
7821,2
7822,3
7823,2
7824,2
7825,2
7826,2
7827,2
7828,2
7829,3
7830,2
7831,2
7832,2
7833,2
7834,3
7835,3
7836,3
7837,2
7838,2
7839,3
7840,2
7841,1
7842,2
7843,2
7844,2
7845,1
7846,2
7847,2
7848,2
7849,2
7850,3
7851,2
7852,2
7853,2
7854,2
7855,2
7856,1
7857,1
7858,2
7859,2
7860,2
7861,3
7862,3
7863,2
7864,2
7865,2
7866,2
7867,1
7868,2
7869,1
7870,2
7871,2
7872,2
7873,2
7874,3
7875,2
7876,3
7877,1
7878,2
7879,2
7880,2
7881,2
7882,2
7883,3
7884,3
7885,2
7886,1
7887,2
7888,3
7889,2
7890,3
7891,1
7892,2
7893,3
7894,3
7895,2
7896,2
7897,3
7898,3
7899,2
7900,2
7901,3
7902,2
7903,2
7904,3
7905,2
7906,3
7907,2
7908,2
7909,1
7910,3
7911,3
7912,3
7913,2
7914,3
7915,2
7916,3
7917,2
7918,2
7919,2
7920,3
7921,2
7922,3
7923,2
7924,1
7925,2
7926,2
7927,3
7928,2
7929,2
7930,3
7931,3
7932,2
7933,3
7934,3
7935,2
7936,2
7937,2
7938,2
7939,2
7940,2
7941,2
7942,3
7943,3
7944,1
7945,2
7946,2
7947,2
7948,2
7949,3
7950,2
7951,2
7952,3
7953,2
7954,3
7955,2
7956,2
7957,3
7958,2
7959,2
7960,2
7961,2
7962,2
7963,2
7964,2
7965,2
7966,2
7967,2
7968,2
7969,3
7970,1
7971,2
7972,1
7973,3
7974,2
7975,2
7976,2
7977,2
7978,1
7979,2
7980,3
7981,1
7982,2
7983,3
7984,2
7985,2
7986,2
7987,2
7988,2
7989,3
7990,2
7991,3
7992,2
7993,2
7994,2
7995,2
7996,3
7997,2
7998,2
7999,2
8000,3
8001,2
8002,2
8003,3
8004,2
8005,3
8006,2
8007,3
8008,2
8009,2
8010,2
8011,2
8012,2
8013,2
8014,2
8015,2
8016,2
8017,3
8018,2
8019,2
8020,2
8021,3
8022,2
8023,2
8024,2
8025,2
8026,3
8027,2
8028,2
8029,2
8030,2
8031,2
8032,2
8033,3
8034,2
8035,2
8036,2
8037,2
8038,2
8039,2
8040,2
8041,3
8042,2
8043,2
8044,2
8045,2
8046,2
8047,2
8048,3
8049,2
8050,2
8051,2
8052,2
8053,2
8054,2
8055,2
8056,2
8057,3
8058,1
8059,2
8060,2
8061,2
8062,3
8063,2
8064,3
8065,2
8066,2
8067,3
8068,2
8069,3
8070,2
8071,2
8072,2
8073,2
8074,2
8075,2
8076,3
8077,2
8078,1
8079,2
8080,2
8081,3
8082,2
8083,2
8084,2
8085,2
8086,3
8087,2
8088,3
8089,2
8090,2
8091,3
8092,2
8093,2
8094,2
8095,2
8096,2
8097,3
8098,3
8099,2
8100,2
8101,2
8102,2
8103,2
8104,2
8105,2
8106,2
8107,2
8108,2
8109,3
8110,2
8111,3
8112,2
8113,1
8114,3
8115,2
8116,2
8117,3
8118,2
8119,2
8120,2
8121,2
8122,2
8123,3
8124,2
8125,3
8126,3
8127,3
8128,2
8129,3
8130,2
8131,2
8132,2
8133,3
8134,2
8135,2
8136,2
8137,3
8138,1
8139,2
8140,3
8141,2
8142,2
8143,2
8144,3
8145,1
8146,3
8147,3
8148,2
8149,3
8150,2
8151,3
8152,2
8153,2
8154,2
8155,2
8156,2
8157,2
8158,3
8159,2
8160,2
8161,2
8162,2
8163,2
8164,3
8165,3
8166,2
8167,2
8168,2
8169,2
8170,3
8171,3
8172,2
8173,2
8174,2
8175,3
8176,3
8177,2
8178,2
8179,2
8180,2
8181,2
8182,1
8183,2
8184,2
8185,3
8186,3
8187,2
8188,3
8189,2
8190,2
8191,2
8192,1
8193,3
8194,1
8195,2
8196,2
8197,2
8198,2
8199,2
8200,2
8201,2
8202,3
8203,2
8204,2
8205,3
8206,3
8207,2
8208,3
8209,3
8210,2
8211,3
8212,1
8213,2
8214,2
8215,2
8216,2
8217,2
8218,2
8219,2
8220,2
8221,2
8222,2
8223,2
8224,2
8225,3
8226,2
8227,2
8228,2
8229,3
8230,2
8231,3
8232,2
8233,3
8234,2
8235,2
8236,3
8237,2
8238,2
8239,2
8240,3
8241,1
8242,2
8243,2
8244,1
8245,3
8246,3
8247,2
8248,2
8249,2
8250,2
8251,2
8252,2
8253,2
8254,1
8255,2
8256,2
8257,2
8258,3
8259,3
8260,2
8261,2
8262,3
8263,2
8264,2
8265,2
8266,2
8267,2
8268,1
8269,3
8270,2
8271,2
8272,2
8273,2
8274,2
8275,2
8276,2
8277,2
8278,1
8279,2
8280,2
8281,3
8282,2
8283,2
8284,2
8285,1
8286,3
8287,2
8288,2
8289,3
8290,2
8291,2
8292,2
8293,3
8294,2
8295,2
8296,2
8297,2
8298,2
8299,2
8300,2
8301,1
8302,2
8303,2
8304,3
8305,1
8306,3
8307,2
8308,2
8309,2
8310,2
8311,2
8312,2
8313,3
8314,2
8315,2
8316,2
8317,2
8318,2
8319,2
8320,3
8321,2
8322,3
8323,3
8324,2
8325,2
8326,2
8327,3
8328,3
8329,2
8330,2
8331,3
8332,2
8333,2
8334,2
8335,2
8336,2
8337,2
8338,2
8339,2
8340,2
8341,3
8342,3
8343,3
8344,2
8345,2
8346,1
8347,2
8348,3
8349,3
8350,3
8351,2
8352,2
8353,3
8354,2
8355,3
8356,3
8357,3
8358,2
8359,3
8360,3
8361,3
8362,2
8363,3
8364,3
8365,2
8366,1
8367,2
8368,2
8369,2
8370,2
8371,3
8372,2
8373,2
8374,2
8375,2
8376,2
8377,2
8378,3
8379,2
8380,2
8381,3
8382,2
8383,2
8384,2
8385,2
8386,2
8387,3
8388,1
8389,2
8390,2
8391,2
8392,2
8393,3
8394,2
8395,2
8396,3
8397,3
8398,2
8399,3
8400,2
8401,2
8402,2
8403,2
8404,2
8405,1
8406,2
8407,1
8408,3
8409,2
8410,2
8411,2
8412,2
8413,2
8414,2
8415,2
8416,2
8417,2
8418,2
8419,3
8420,2
8421,2
8422,2
8423,3
8424,2
8425,3
8426,2
8427,2
8428,2
8429,2
8430,2
8431,2
8432,2
8433,3
8434,2
8435,2
8436,2
8437,2
8438,2
8439,2
8440,2
8441,2
8442,3
8443,2
8444,2
8445,2
8446,2
8447,2
8448,2
8449,2
8450,2
8451,2
8452,2
8453,3
8454,2
8455,2
8456,3
8457,3
8458,3
8459,2
8460,3
8461,3
8462,2
8463,1
8464,2
8465,2
8466,2
8467,2
8468,2
8469,2
8470,3
8471,1
8472,2
8473,2
8474,2
8475,3
8476,2
8477,2
8478,2
8479,3
8480,1
8481,2
8482,2
8483,2
8484,2
8485,2
8486,2
8487,2
8488,2
8489,3
8490,3
8491,3
8492,2
8493,2
8494,3
8495,2
8496,2
8497,2
8498,2
8499,3
8500,2
8501,3
8502,3
8503,3
8504,2
8505,2
8506,2
8507,2
8508,2
8509,3
8510,2
8511,2
8512,3
8513,2
8514,2
8515,2
8516,2
8517,3
8518,2
8519,2
8520,2
8521,2
8522,2
8523,2
8524,2
8525,3
8526,2
8527,2
8528,2
8529,2
8530,2
8531,3
8532,2
8533,2
8534,3
8535,2
8536,2
8537,2
8538,2
8539,2
8540,2
8541,2
8542,3
8543,2
8544,3
8545,1
8546,2
8547,2
8548,2
8549,1
8550,2
8551,2
8552,2
8553,3
8554,3
8555,3
8556,2
8557,2
8558,2
8559,2
8560,3
8561,2
8562,3
8563,2
8564,2
8565,2
8566,2
8567,3
8568,2
8569,2
8570,2
8571,2
8572,1
8573,2
8574,2
8575,2
8576,2
8577,2
8578,2
8579,3
8580,3
8581,3
8582,2
8583,3
8584,2
8585,3
8586,3
8587,3
8588,2
8589,3
8590,2
8591,2
8592,2
8593,3
8594,2
8595,2
8596,3
8597,3
8598,2
8599,2
8600,2
8601,2
8602,3
8603,2
8604,1
8605,3
8606,2
8607,2
8608,2
8609,1
8610,2
8611,2
8612,2
8613,3
8614,3
8615,2
8616,2
8617,2
8618,2
8619,2
8620,1
8621,2
8622,3
8623,2
8624,2
8625,2
8626,2
8627,2
8628,2
8629,2
8630,2
8631,3
8632,3
8633,2
8634,1
8635,2
8636,2
8637,3
8638,3
8639,2
8640,2
8641,3
8642,1
8643,2
8644,1
8645,1
8646,2
8647,2
8648,3
8649,2
8650,1
8651,2
8652,1
8653,3
8654,2
8655,1
8656,3
8657,2
8658,1
8659,2
8660,2
8661,2
8662,2
8663,2
8664,2
8665,2
8666,2
8667,3
8668,2
8669,2
8670,2
8671,2
8672,1
8673,2
8674,2
8675,2
8676,2
8677,2
8678,2
8679,2
8680,3
8681,2
8682,2
8683,2
8684,3
8685,2
8686,1
8687,2
8688,2
8689,2
8690,3
8691,2
8692,3
8693,2
8694,2
8695,3
8696,2
8697,3
8698,2
8699,2
8700,2
8701,2
8702,3
8703,3
8704,3
8705,2
8706,3
8707,3
8708,1
8709,2
8710,2
8711,2
8712,2
8713,2
8714,2
8715,2
8716,2
8717,3
8718,2
8719,2
8720,2
8721,3
8722,3
8723,2
8724,2
8725,2
8726,2
8727,2
8728,2
8729,2
8730,2
8731,2
8732,2
8733,2
8734,2
8735,2
8736,3
8737,3
8738,2
8739,3
8740,2
8741,3
8742,3
8743,3
8744,3
8745,3
8746,2
8747,1
8748,1
8749,2
8750,2
8751,2
8752,3
8753,2
8754,2
8755,2
8756,3
8757,2
8758,1
8759,2
8760,1
8761,2
8762,2
8763,2
8764,2
8765,3
8766,2
8767,2
8768,2
8769,2
8770,2
8771,2
8772,2
8773,2
8774,2
8775,2
8776,3
8777,3
8778,2
8779,1
8780,2
8781,2
8782,2
8783,2
8784,2
8785,2
8786,2
8787,2
8788,2
8789,3
8790,3
8791,2
8792,3
8793,3
8794,3
8795,2
8796,2
8797,2
8798,2
8799,2
8800,2
8801,2
8802,1
8803,3
8804,2
8805,2
8806,2
8807,3
8808,3
8809,1
8810,2
8811,2
8812,2
8813,2
8814,3
8815,2
8816,2
8817,2
8818,2
8819,2
8820,2
8821,2
8822,3
8823,2
8824,3
8825,3
8826,2
8827,2
8828,3
8829,3
8830,1
8831,2
8832,1
8833,3
8834,2
8835,3
8836,3
8837,2
8838,3
8839,2
8840,2
8841,2
8842,2
8843,1
8844,2
8845,2
8846,2
8847,2
8848,2
8849,3
8850,2
8851,3
8852,2
8853,3
8854,2
8855,2
8856,2
8857,2
8858,2
8859,2
8860,2
8861,1
8862,2
8863,2
8864,2
8865,2
8866,2
8867,2
8868,2
8869,2
8870,2
8871,2
8872,2
8873,2
8874,3
8875,2
8876,2
8877,2
8878,3
8879,2
8880,2
8881,2
8882,2
8883,2
8884,2
8885,1
8886,1
8887,3
8888,2
8889,3
8890,2
8891,2
8892,2
8893,1
8894,3
8895,3
8896,2
8897,2
8898,2
8899,2
8900,2
8901,3
8902,2
8903,3
8904,2
8905,2
8906,3
8907,1
8908,2
8909,1
8910,2
8911,3
8912,2
8913,2
8914,2
8915,2
8916,2
8917,2
8918,3
8919,2
8920,2
8921,1
8922,1
8923,2
8924,2
8925,2
8926,2
8927,2
8928,3
8929,3
8930,2
8931,2
8932,2
8933,2
8934,2
8935,2
8936,2
8937,2
8938,2
8939,2
8940,2
8941,2
8942,2
8943,3
8944,3
8945,2
8946,2
8947,2
8948,3
8949,3
8950,3
8951,2
8952,2
8953,3
8954,3
8955,2
8956,3
8957,2
8958,2
8959,3
8960,2
8961,2
8962,1
8963,2
8964,2
8965,3
8966,2
8967,3
8968,2
8969,2
8970,3
8971,2
8972,2
8973,3
8974,2
8975,1
8976,2
8977,1
8978,3
8979,2
8980,3
8981,2
8982,2
8983,2
8984,1
8985,2
8986,2
8987,2
8988,2
8989,2
8990,2
8991,2
8992,2
8993,3
8994,2
8995,2
8996,2
8997,3
8998,3
8999,3
9000,3
9001,2
9002,2
9003,2
9004,2
9005,2
9006,3
9007,2
9008,3
9009,2
9010,3
9011,2
9012,2
9013,2
9014,2
9015,3
9016,2
9017,3
9018,3
9019,2
9020,2
9021,2
9022,2
9023,2
9024,2
9025,2
9026,2
9027,2
9028,2
9029,2
9030,2
9031,2
9032,3
9033,1
9034,2
9035,2
9036,3
9037,3
9038,2
9039,1
9040,2
9041,2
9042,2
9043,2
9044,2
9045,2
9046,2
9047,2
9048,2
9049,2
9050,2
9051,2
9052,2
9053,2
9054,3
9055,2
9056,3
9057,2
9058,3
9059,2
9060,2
9061,2
9062,2
9063,2
9064,2
9065,2
9066,3
9067,2
9068,2
9069,2
9070,1
9071,3
9072,2